11 0.814947 0.486104 0.143636 0.092121
16 0.814947 0.486104 0.143636 0.092121
0 0.581808 0.264905 0.180875 0.159606
0 0.598554 0.262646 0.130115 0.151751
17 0.858780 0.486936 0.090257 0.086328
16 0.858780 0.486936 0.090257 0.086328
17 0.129939 0.537484 0.058668 0.069290
16 0.129939 0.537484 0.058668 0.069290
3 0.541004 0.477119 0.433762 0.114398
21 0.490339 0.228923 0.086317 0.216602
0 0.502262 0.270501 0.315627 0.160593
11 0.819022 0.467540 0.107469 0.046699
19 0.819022 0.467540 0.107469 0.046699
17 0.806012 0.460706 0.185529 0.108198
17 0.150999 0.517653 0.135754 0.078585
16 0.150999 0.517653 0.135754 0.078585
19 0.287319 0.488610 0.075796 0.031894