0 0.583516 0.365967 0.121458 0.156786
17 0.773297 0.744484 0.027327 0.023193
17 0.247982 0.711551 0.035426 0.033399
19 0.690300 0.250733 0.107128 0.121673
15 0.338783 0.352284 0.013496 0.012089
15 0.298756 0.304913 0.019323 0.019680
17 0.374564 0.184390 0.087836 0.049734
0 0.581232 0.359435 0.126047 0.133505
3 0.566525 0.662388 0.365535 0.159179
19 0.701822 0.259653 0.141411 0.125648
19 0.328332 0.302050 0.079844 0.150562
17 0.381789 0.192624 0.161734 0.063916
17 0.629076 0.186915 0.112357 0.046138
19 0.678934 0.221795 0.030331 0.071088
0 0.579188 0.352517 0.136626 0.135943
3 0.568079 0.686605 0.368550 0.124073
19 0.290076 0.287543 0.047191 0.063028
15 0.337266 0.351395 0.015730 0.013594