19 0.294218 0.420537 0.103556 0.023086
3 0.564489 0.651405 0.378997 0.139040
15 0.815352 0.601924 0.019935 0.023926
21 0.815352 0.601924 0.019935 0.023926
17 0.637069 0.214521 0.123942 0.031365
17 0.393421 0.223831 0.105534 0.027043
17 0.390342 0.222228 0.091803 0.019839
17 0.613786 0.207381 0.094980 0.036486
10 0.306678 0.426312 0.113512 0.049225
10 0.319420 0.616273 0.106564 0.068919
3 0.568265 0.634919 0.396628 0.192279
0 0.564173 0.372526 0.099499 0.107755
17 0.395524 0.223486 0.112298 0.022707
17 0.627132 0.213371 0.129635 0.034680
3 0.566943 0.658328 0.389486 0.154671
8 0.386224 0.505661 0.042474 0.084948
19 0.303680 0.423115 0.112999 0.046484
11 0.271276 0.705669 0.105505 0.073747
21 0.271276 0.705669 0.105505 0.073747