17 0.145015 0.554762 0.043492 0.189260
2 0.145015 0.554762 0.043492 0.189260
17 0.139034 0.736133 0.066324 0.088135
11 0.283964 0.547359 0.306212 0.396756
1 0.316355 0.206588 0.301876 0.283195
11 0.316355 0.206588 0.301876 0.283195
14 0.497862 0.155731 0.198973 0.245850
17 0.258533 0.741977 0.317439 0.056481
16 0.258533 0.741977 0.317439 0.056481
1 0.298074 0.237617 0.286161 0.322932
19 0.298074 0.237617 0.286161 0.322932
14 0.458460 0.199220 0.140771 0.222508
17 0.688083 0.115378 0.150354 0.037694
19 0.854556 0.459416 0.036262 0.063397
1 0.303516 0.196187 0.335683 0.263548
19 0.315314 0.445094 0.144783 0.276361
13 0.401489 0.187851 0.121758 0.188403
19 0.770368 0.343639 0.201525 0.069482