16 0.330771 0.582202 0.202436 0.192640
5 0.325874 0.373236 0.122986 0.094688
15 0.325874 0.373236 0.122986 0.094688
11 0.325874 0.373236 0.122986 0.094688
15 0.329345 0.375406 0.098166 0.101941
11 0.346209 0.482080 0.179535 0.124518
17 0.282298 0.534884 0.127631 0.119033
17 0.279897 0.287776 0.111775 0.370653
17 0.406152 0.149939 0.136100 0.094980
16 0.331773 0.557832 0.233745 0.107266
5 0.329403 0.378880 0.108870 0.094460
15 0.329403 0.378880 0.108870 0.094460
11 0.347383 0.434555 0.202526 0.232146
17 0.366018 0.199208 0.191415 0.197868