15 0.372271 0.364105 0.180998 0.246559
11 0.372271 0.364105 0.180998 0.246559
17 0.372271 0.364105 0.180998 0.246559
15 0.174663 0.700113 0.090499 0.262615
11 0.174663 0.700113 0.090499 0.262615
17 0.174663 0.700113 0.090499 0.262615
15 0.689589 0.477064 0.288678 0.486238
11 0.689589 0.477064 0.288678 0.486238
17 0.689589 0.477064 0.288678 0.486238
17 0.178682 0.636536 0.077517 0.426806
17 0.823554 0.593743 0.059993 0.231370
17 0.688408 0.398666 0.293424 0.309596
17 0.380652 0.323155 0.202907 0.155554
11 0.648097 0.336786 0.130165 0.101054
11 0.360537 0.345096 0.127507 0.096398
11 0.357693 0.364669 0.235738 0.244626
17 0.357693 0.364669 0.235738 0.244626
11 0.179746 0.635896 0.080640 0.475799
17 0.179746 0.635896 0.080640 0.475799
11 0.685027 0.386950 0.289558 0.294655
17 0.685027 0.386950 0.289558 0.294655
11 0.813388 0.595099 0.060913 0.270176
17 0.813388 0.595099 0.060913 0.270176