3 0.604214 0.618451 0.451025 0.104785
10 0.292710 0.486333 0.210705 0.287015
19 0.292710 0.486333 0.210705 0.287015
17 0.207859 0.640659 0.054670 0.048975
16 0.207859 0.640659 0.054670 0.048975
3 0.607830 0.596919 0.423623 0.236201
17 0.195311 0.669147 0.044552 0.062676
16 0.195311 0.669147 0.044552 0.062676
10 0.311070 0.514271 0.215660 0.204108
0 0.595986 0.329925 0.105306 0.080143
3 0.611829 0.630467 0.433340 0.179860
10 0.318812 0.526803 0.212994 0.231576
19 0.318812 0.526803 0.212994 0.231576
9 0.318812 0.526803 0.212994 0.231576
8 0.398149 0.461405 0.101494 0.130798