16 0.137597 0.589238 0.219225 0.095295
11 0.303412 0.343390 0.119148 0.333033
0 0.491224 0.283396 0.102318 0.074005
3 0.493326 0.578295 0.423288 0.134556
19 0.177755 0.390444 0.173677 0.050590
17 0.046082 0.568653 0.074568 0.062674
16 0.046082 0.568653 0.074568 0.062674
3 0.493899 0.558970 0.444277 0.143747
0 0.496975 0.313326 0.147681 0.144731
5 0.296686 0.285484 0.130257 0.198595
11 0.157461 0.394598 0.223703 0.308088
17 0.575332 0.153121 0.202626 0.056045
0 0.486687 0.304083 0.149056 0.126619
3 0.484139 0.554813 0.473832 0.181118
5 0.298238 0.306909 0.168217 0.291217
11 0.298238 0.306909 0.168217 0.291217
10 0.149686 0.379348 0.179849 0.325658
10 0.615052 0.202376 0.208012 0.066470
16 0.113556 0.560026 0.196517 0.134052