17 0.097463 0.622955 0.055237 0.049097
16 0.097463 0.622955 0.055237 0.049097
0 0.547276 0.259711 0.116419 0.098274
3 0.552977 0.578526 0.446842 0.090969
17 0.305718 0.098410 0.203881 0.059654
17 0.662498 0.073170 0.102600 0.048625
0 0.548579 0.258345 0.120855 0.107925
10 0.221198 0.589148 0.291638 0.106510
11 0.221198 0.589148 0.291638 0.106510
17 0.302548 0.100963 0.239438 0.063305
17 0.615660 0.077497 0.216241 0.054573
0 0.538917 0.267956 0.135065 0.124426
3 0.555973 0.599080 0.411682 0.139160
17 0.112400 0.623201 0.064941 0.109472
16 0.112400 0.623201 0.064941 0.109472