15 0.784440 0.315829 0.094543 0.111110
15 0.257354 0.553402 0.338786 0.668128
15 0.794683 0.535127 0.316722 0.646197
15 0.172378 0.340967 0.019498 0.020585
15 0.208349 0.393055 0.029583 0.027447
15 0.236345 0.364975 0.026831 0.020284
15 0.165408 0.462431 0.024831 0.023038
15 0.260468 0.347457 0.022734 0.019980
15 0.333158 0.478732 0.022136 0.020538
15 0.314227 0.479687 0.035399 0.039281
15 0.208102 0.553690 0.028610 0.022660
15 0.199047 0.590301 0.026915 0.022199
15 0.152544 0.510207 0.024158 0.037360
15 0.159954 0.654512 0.025287 0.024459
15 0.144082 0.689953 0.022597 0.026457
15 0.149463 0.753102 0.029054 0.036939
15 0.195733 0.793534 0.029053 0.029950
15 0.213488 0.695195 0.025826 0.018967
15 0.790425 0.339132 0.117997 0.148761
15 0.893844 0.386143 0.030540 0.031558
15 0.739755 0.447000 0.024986 0.023185
15 0.888638 0.449900 0.029849 0.026404
15 0.888984 0.471795 0.018048 0.017386
15 0.812633 0.498842 0.030540 0.019963
15 0.891979 0.530553 0.035328 0.033947
15 0.865798 0.583232 0.032172 0.032781
15 0.824161 0.548698 0.034697 0.032777
15 0.832994 0.587914 0.028386 0.028095
15 0.834885 0.694445 0.034697 0.028095
15 0.904598 0.747709 0.025234 0.031608
15 0.929831 0.828192 0.020187 0.021658
15 0.783854 0.337570 0.116974 0.166411
15 0.290287 0.270195 0.034633 0.032701
15 0.234967 0.364459 0.033100 0.026163
15 0.255807 0.347680 0.019615 0.021611
15 0.170299 0.344270 0.017776 0.015926
15 0.207843 0.393890 0.032180 0.033269
15 0.238645 0.406828 0.024518 0.020475
15 0.164170 0.462278 0.032487 0.025023
15 0.155435 0.499955 0.024825 0.027015
15 0.332734 0.514029 0.020840 0.017062
15 0.318177 0.475358 0.051182 0.047774
15 0.208456 0.554978 0.030342 0.025023
15 0.188075 0.579148 0.035552 0.031277
15 0.352809 0.499101 0.021760 0.023035
15 0.159266 0.653932 0.030035 0.024455
15 0.148692 0.754168 0.038310 0.036684
15 0.267607 0.728006 0.027890 0.029856
15 0.214739 0.694880 0.023905 0.022179
15 0.694074 0.709808 0.039229 0.034977
15 0.867084 0.782604 0.017468 0.015074
15 0.824485 0.549576 0.034633 0.028436
15 0.863865 0.581564 0.031873 0.029860
15 0.891911 0.383225 0.030955 0.029572
15 0.653465 0.264508 0.027889 0.027014
9 0.782296 0.509513 0.302922 0.606108
9 0.254480 0.549256 0.312099 0.606106