17 0.115129 0.841900 0.051226 0.074612
16 0.115129 0.841900 0.051226 0.074612
21 0.311726 0.358761 0.045688 0.055040
19 0.690383 0.314729 0.249210 0.407305
19 0.295804 0.257852 0.196597 0.264197
0 0.578859 0.312286 0.119499 0.159990
19 0.728853 0.353017 0.207787 0.364571
19 0.296362 0.320666 0.174547 0.311838
17 0.111404 0.841998 0.069395 0.158038
16 0.111404 0.841998 0.069395 0.158038
0 0.566710 0.294868 0.145850 0.129421
21 0.314526 0.360996 0.041120 0.065277
10 0.738581 0.345103 0.151628 0.245784
3 0.521348 0.804052 0.457658 0.174878
10 0.290724 0.333431 0.218825 0.273874
11 0.254829 0.796838 0.129573 0.078261
21 0.254829 0.796838 0.129573 0.078261