10 0.303448 0.306135 0.315906 0.363129
19 0.303448 0.306135 0.315906 0.363129
15 0.850466 0.254762 0.035132 0.027341
19 0.811821 0.249006 0.137012 0.102168
19 0.797456 0.270107 0.167061 0.169343
19 0.296013 0.321213 0.281732 0.326686
5 0.312793 0.195232 0.071944 0.048717
10 0.257703 0.324050 0.114300 0.099675
15 0.852466 0.255449 0.029424 0.029125
17 0.059949 0.663298 0.032910 0.030812
16 0.059949 0.663298 0.032910 0.030812
1 0.294216 0.314221 0.284178 0.350918
19 0.294216 0.314221 0.284178 0.350918
19 0.795376 0.279243 0.169385 0.152523