12 0.356213 0.530926 0.115831 0.114336
9 0.260310 0.619672 0.280238 0.300539
9 0.750413 0.584282 0.264046 0.395271
15 0.247028 0.358121 0.095461 0.065099
15 0.744379 0.300534 0.120281 0.093474
15 0.255786 0.360283 0.048468 0.055783
15 0.368672 0.422771 0.037424 0.029502
2 0.747824 0.324613 0.120864 0.091719
15 0.296584 0.215730 0.034357 0.025210
17 0.294437 0.166652 0.162581 0.053637
9 0.250840 0.462898 0.360559 0.627789
9 0.734834 0.479642 0.394792 0.710298
0 0.516978 0.382831 0.247948 0.230452
15 0.253617 0.355695 0.091566 0.072680
2 0.740660 0.310842 0.141153 0.141616
2 0.310249 0.265322 0.150413 0.107224
9 0.732560 0.492919 0.342478 0.643341
2 0.260497 0.485838 0.337849 0.608948