17 0.354016 0.198747 0.176571 0.062642
10 0.349845 0.254556 0.215500 0.156036
19 0.349845 0.254556 0.215500 0.156036
17 0.691865 0.182232 0.129297 0.020501
17 0.132482 0.900562 0.085728 0.091036
16 0.132482 0.900562 0.085728 0.091036
17 0.958008 0.933724 0.047627 0.050720
16 0.958008 0.933724 0.047627 0.050720
19 0.327385 0.298668 0.258923 0.186243
17 0.124245 0.914822 0.082308 0.107004
17 0.959854 0.939006 0.057256 0.049836
17 0.389411 0.192686 0.120182 0.038712
17 0.675864 0.186711 0.117852 0.013382
0 0.616648 0.390549 0.109097 0.087462
10 0.334144 0.299669 0.285763 0.214174
19 0.334144 0.299669 0.285763 0.214174
17 0.136215 0.893746 0.065144 0.096060
16 0.136215 0.893746 0.065144 0.096060
17 0.958762 0.938574 0.040825 0.046252
16 0.958762 0.938574 0.040825 0.046252
21 0.845410 0.855322 0.182402 0.094636