0 0.520868 0.375958 0.115990 0.143882
21 0.049736 0.308188 0.091229 0.233547
21 0.156053 0.655609 0.265822 0.170747
0 0.511938 0.371760 0.122782 0.132334
1 0.209327 0.628550 0.342484 0.209844
5 0.209327 0.628550 0.342484 0.209844
15 0.332188 0.470420 0.089609 0.076757
17 0.224609 0.326047 0.308122 0.306976
19 0.209719 0.269233 0.131725 0.083388
17 0.602904 0.188494 0.082682 0.018190
17 0.276367 0.215348 0.229406 0.060219
17 0.134911 0.336657 0.080017 0.119680
13 0.134911 0.336657 0.080017 0.119680
18 0.260710 0.252842 0.233220 0.099336
0 0.502819 0.349132 0.122470 0.094153
11 0.216363 0.684269 0.328397 0.127122
21 0.216363 0.684269 0.328397 0.127122