21 0.089836 0.516197 0.214613 0.514265
21 0.922894 0.527150 0.153659 0.540343
3 0.594624 0.600169 0.424149 0.112660
11 0.293021 0.489597 0.278109 0.488187
11 0.720342 0.490119 0.350494 0.522611
3 0.594570 0.579736 0.421902 0.155558
21 0.761173 0.431560 0.467446 0.489320
21 0.248779 0.416300 0.449470 0.466677
18 0.159666 0.648062 0.035689 0.116377
5 0.258801 0.513542 0.173894 0.297588
5 0.722199 0.388509 0.318990 0.343577
21 0.784103 0.489680 0.404864 0.596332
21 0.255685 0.492546 0.453731 0.620414
5 0.225668 0.415710 0.117272 0.127292
11 0.225668 0.415710 0.117272 0.127292
5 0.245911 0.590595 0.168927 0.144494
11 0.245911 0.590595 0.168927 0.144494
5 0.764561 0.409403 0.215000 0.327980
11 0.764561 0.409403 0.215000 0.327980