10 0.187621 0.689417 0.079947 0.057257
20 0.933368 0.679377 0.041762 0.062469
20 0.824290 0.296666 0.051055 0.039289
20 0.781753 0.347661 0.044019 0.037476
20 0.770595 0.417519 0.037439 0.035274
17 0.107116 0.783031 0.030217 0.050431
19 0.775916 0.732630 0.022786 0.050476
20 0.778407 0.663566 0.039661 0.039319
20 0.744850 0.487439 0.068129 0.040677
20 0.746376 0.570825 0.044063 0.046913
17 0.755662 0.205609 0.101419 0.017979
0 0.657309 0.370199 0.107960 0.141386
2 0.776428 0.729040 0.019748 0.055892
20 0.933062 0.681590 0.028563 0.076715
17 0.115586 0.779575 0.040771 0.051253
19 0.195381 0.683122 0.121149 0.054049
0 0.635178 0.383962 0.153403 0.167681