15 0.775031 0.738618 0.054902 0.040022
0 0.579382 0.304860 0.133746 0.088029
19 0.158011 0.363158 0.115179 0.050594
19 0.271575 0.344282 0.111950 0.046063
19 0.293316 0.233625 0.212178 0.184168
3 0.522253 0.680815 0.460351 0.192973
3 0.523861 0.658019 0.465967 0.165404
19 0.246917 0.309920 0.275271 0.148132
0 0.575168 0.330322 0.157057 0.132658
10 0.251441 0.300122 0.290996 0.170110
19 0.251441 0.300122 0.290996 0.170110
17 0.118068 0.812881 0.058892 0.077764
16 0.118068 0.812881 0.058892 0.077764
0 0.573615 0.309842 0.135102 0.102064
15 0.771673 0.737172 0.047824 0.042870
21 0.771673 0.737172 0.047824 0.042870