14 0.477791 0.199513 0.061761 0.120504
1 0.369337 0.195370 0.183768 0.115232
19 0.391178 0.278594 0.085859 0.118998
19 0.681382 0.238137 0.041644 0.066012
19 0.666766 0.214483 0.094339 0.084195
17 0.386461 0.172972 0.143628 0.082818
5 0.388778 0.281410 0.146147 0.196738
19 0.388778 0.281410 0.146147 0.196738
1 0.385187 0.199705 0.188128 0.171331
11 0.385187 0.199705 0.188128 0.171331
17 0.385187 0.199705 0.188128 0.171331
10 0.361689 0.313406 0.177553 0.232570
19 0.361689 0.313406 0.177553 0.232570
17 0.614959 0.148822 0.127660 0.049132
19 0.637422 0.331442 0.087923 0.095332
10 0.714515 0.447078 0.142051 0.277772
10 0.678449 0.230201 0.075687 0.085026