19 0.296324 0.211216 0.046947 0.072942
10 0.217801 0.553545 0.059340 0.073958
11 0.217801 0.553545 0.059340 0.073958
10 0.761305 0.598914 0.064753 0.097633
11 0.761305 0.598914 0.064753 0.097633
17 0.640994 0.174177 0.050628 0.026504
19 0.643787 0.280864 0.075869 0.095558
19 0.318595 0.266676 0.122778 0.158687
17 0.602075 0.167583 0.113630 0.018328
17 0.160407 0.748534 0.028437 0.046312
16 0.160407 0.748534 0.028437 0.046312
17 0.319888 0.182797 0.094410 0.044750
21 0.311976 0.273388 0.142981 0.170268