0 0.593949 0.349173 0.107472 0.096772
3 0.562656 0.630866 0.354386 0.175851
17 0.193454 0.659996 0.033187 0.079451
16 0.193454 0.659996 0.033187 0.079451
17 0.867140 0.769991 0.035187 0.060481
16 0.867140 0.769991 0.035187 0.060481
21 0.293113 0.147293 0.142926 0.150178
21 0.674829 0.084044 0.132469 0.137092
21 0.079985 0.538640 0.157637 0.377127
11 0.430082 0.418691 0.117026 0.176461
8 0.430082 0.418691 0.117026 0.176461
11 0.358044 0.346698 0.296309 0.375007
8 0.358044 0.346698 0.296309 0.375007
21 0.693004 0.094034 0.110289 0.105058
21 0.301191 0.138781 0.121898 0.121920
21 0.095095 0.527902 0.166503 0.372042
21 0.106447 0.924467 0.056762 0.136981
21 0.256812 0.384109 0.312751 0.198953
11 0.271399 0.514360 0.149132 0.131549
21 0.074380 0.619590 0.143997 0.728930
21 0.285915 0.093964 0.184774 0.151481
21 0.270625 0.349658 0.322402 0.387244
17 0.204997 0.645216 0.094299 0.078589
16 0.204997 0.645216 0.094299 0.078589
17 0.860630 0.760820 0.047150 0.084281
16 0.860630 0.760820 0.047150 0.084281
11 0.419718 0.443052 0.098122 0.145786
21 0.671395 0.086560 0.135076 0.134396