16 0.836927 0.721451 0.180068 0.272557
11 0.839192 0.693061 0.112120 0.149698
17 0.677363 0.119635 0.135656 0.032404
16 0.845465 0.681525 0.161572 0.214236
17 0.082671 0.785196 0.035942 0.068978
16 0.082671 0.785196 0.035942 0.068978
17 0.839888 0.704739 0.177275 0.257594
16 0.839888 0.704739 0.177275 0.257594
17 0.669277 0.125152 0.139953 0.029162
10 0.307397 0.625153 0.186605 0.200486
9 0.307397 0.625153 0.186605 0.200486
17 0.086136 0.789185 0.050650 0.037667
16 0.086136 0.789185 0.050650 0.037667