0 0.581624 0.370495 0.143786 0.160051
14 0.476050 0.252472 0.101039 0.234895
1 0.295995 0.238078 0.256485 0.093267
19 0.781179 0.344573 0.048005 0.056216
15 0.724023 0.245601 0.049092 0.041039
2 0.676392 0.240407 0.030974 0.047273
19 0.300246 0.318154 0.186688 0.109725
14 0.454473 0.315087 0.142863 0.351524
17 0.683565 0.168309 0.220451 0.063935
19 0.699864 0.248599 0.088528 0.083434
2 0.699864 0.248599 0.088528 0.083434
19 0.848906 0.410139 0.047638 0.063307
17 0.311613 0.253340 0.284791 0.172557
19 0.303612 0.358580 0.202659 0.157387
19 0.781459 0.339144 0.057598 0.048353
17 0.305834 0.248853 0.247706 0.144495
1 0.314865 0.318233 0.183199 0.083714
19 0.314865 0.318233 0.183199 0.083714
14 0.454846 0.255733 0.114822 0.213301
15 0.722549 0.245413 0.046443 0.034404
2 0.722549 0.245413 0.046443 0.034404
17 0.757382 0.186927 0.118695 0.077982
2 0.672233 0.236812 0.023223 0.044725
19 0.783187 0.343464 0.054186 0.058486
0 0.580287 0.376909 0.135531 0.159754