5 0.381612 0.294121 0.275322 0.257578
10 0.726945 0.351469 0.114870 0.139601
10 0.393119 0.474065 0.157949 0.124443
5 0.389003 0.367616 0.224034 0.368634
10 0.389003 0.367616 0.224034 0.368634
11 0.389003 0.367616 0.224034 0.368634
10 0.702803 0.351443 0.170253 0.245367
11 0.702803 0.351443 0.170253 0.245367
15 0.732470 0.312095 0.043187 0.038592
10 0.390145 0.342757 0.254176 0.413574
11 0.390145 0.342757 0.254176 0.413574
15 0.719280 0.327678 0.111147 0.119764
15 0.396607 0.607702 0.091333 0.054283