0 0.580415 0.360077 0.114508 0.165596
19 0.626910 0.226748 0.071087 0.097372
17 0.652212 0.156123 0.136150 0.043878
17 0.361834 0.147407 0.114465 0.051691
19 0.382619 0.208716 0.060848 0.097373
0 0.592639 0.357509 0.108079 0.160461
17 0.618429 0.168846 0.128653 0.060436
17 0.370767 0.139698 0.137234 0.049205
19 0.627516 0.223778 0.065649 0.100922
19 0.385684 0.212750 0.058949 0.106938
0 0.577627 0.353645 0.117581 0.160592
1 0.621007 0.209567 0.124432 0.145786
11 0.621007 0.209567 0.124432 0.145786
19 0.621007 0.209567 0.124432 0.145786
19 0.409816 0.198747 0.101600 0.105922