19 0.218974 0.401632 0.076961 0.038479
17 0.297267 0.228616 0.133576 0.071241
19 0.719054 0.430632 0.246562 0.228292
20 0.722290 0.520526 0.041228 0.042038
20 0.710260 0.274383 0.025417 0.036209
19 0.209097 0.404793 0.096055 0.041753
19 0.680853 0.266565 0.090282 0.089598
19 0.698678 0.390634 0.063398 0.061372
17 0.722415 0.723028 0.067739 0.027986
19 0.755493 0.450667 0.061211 0.032264
19 0.204090 0.399979 0.103732 0.044549
17 0.299633 0.233571 0.150685 0.096089
19 0.718928 0.332718 0.165972 0.264682
20 0.726157 0.517977 0.043989 0.049726
15 0.810458 0.672561 0.018702 0.017955
21 0.810458 0.672561 0.018702 0.017955