0 0.561028 0.237959 0.101252 0.086009
3 0.595701 0.501147 0.425802 0.059632
19 0.318305 0.399083 0.231626 0.286698
21 0.318305 0.399083 0.231626 0.286698
9 0.318305 0.399083 0.231626 0.286698
17 0.185848 0.591169 0.047157 0.047018
16 0.185848 0.591169 0.047157 0.047018
17 0.638006 0.086009 0.099862 0.018349
17 0.386267 0.095757 0.117892 0.024083
19 0.766994 0.365252 0.196949 0.340596
21 0.766994 0.365252 0.196949 0.340596
9 0.766994 0.365252 0.196949 0.340596
10 0.297565 0.393537 0.274058 0.355536
9 0.297565 0.393537 0.274058 0.355536
10 0.725738 0.370113 0.259650 0.294194
9 0.725738 0.370113 0.259650 0.294194
3 0.564007 0.472521 0.370560 0.125342
0 0.569421 0.235766 0.102268 0.091519
3 0.594762 0.492922 0.400642 0.125225
10 0.284293 0.329111 0.191635 0.434325
9 0.284293 0.329111 0.191635 0.434325
10 0.724468 0.304579 0.212063 0.325744
9 0.724468 0.304579 0.212063 0.325744
0 0.566726 0.216314 0.074421 0.048675
17 0.643559 0.096993 0.096701 0.032414
17 0.182763 0.594858 0.057759 0.032145
16 0.182763 0.594858 0.057759 0.032145