10 0.824771 0.657860 0.185331 0.575419
15 0.415008 0.556602 0.175130 0.191343
11 0.415008 0.556602 0.175130 0.191343
5 0.268784 0.488865 0.229536 0.175975
9 0.799042 0.624226 0.220349 0.616071
9 0.293339 0.548904 0.416058 0.564358
17 0.385092 0.302915 0.253721 0.107981
5 0.325006 0.517723 0.280467 0.231369
5 0.327583 0.496560 0.268050 0.254588
11 0.327583 0.496560 0.268050 0.254588
10 0.814819 0.624426 0.184284 0.583715
11 0.814819 0.624426 0.184284 0.583715
10 0.388312 0.359519 0.247107 0.189221
11 0.388312 0.359519 0.247107 0.189221