17 0.185092 0.845104 0.052833 0.043280
16 0.185092 0.845104 0.052833 0.043280
17 0.838542 0.863896 0.050054 0.058088
16 0.838542 0.863896 0.050054 0.058088
19 0.293452 0.484843 0.177437 0.274906
21 0.293452 0.484843 0.177437 0.274906
9 0.293452 0.484843 0.177437 0.274906
19 0.268448 0.499919 0.139489 0.207002
19 0.244120 0.431359 0.095334 0.086051
19 0.271541 0.541686 0.178421 0.046380
11 0.231452 0.578142 0.058964 0.041284
11 0.804270 0.700430 0.041929 0.027476
21 0.299801 0.751796 0.183330 0.125960