14 0.488918 0.159487 0.070654 0.207854
1 0.350896 0.233838 0.205388 0.200461
16 0.287936 0.547397 0.192032 0.179801
11 0.304767 0.580329 0.112199 0.083600
17 0.365967 0.200243 0.237408 0.130277
21 0.462026 0.219793 0.089938 0.193365
19 0.324095 0.408979 0.096653 0.350376
17 0.244494 0.609963 0.138820 0.097432
16 0.244494 0.609963 0.138820 0.097432
11 0.323526 0.572673 0.191692 0.138392
1 0.367270 0.215312 0.150096 0.192311
14 0.491569 0.185761 0.072233 0.185744
16 0.252441 0.634762 0.124510 0.193796