15 0.319860 0.379973 0.110480 0.101575
11 0.319860 0.379973 0.110480 0.101575
9 0.709774 0.523892 0.164471 0.283799
9 0.212054 0.519592 0.222523 0.242517
0 0.537172 0.317776 0.098850 0.109961
0 0.519455 0.326848 0.123216 0.114137
9 0.192769 0.527238 0.231842 0.211413
9 0.708333 0.525292 0.150781 0.287938
15 0.317052 0.384569 0.124143 0.106285
15 0.321470 0.384516 0.117320 0.115891
5 0.265360 0.524075 0.147925 0.117524
19 0.265360 0.524075 0.147925 0.117524
17 0.343043 0.165868 0.168928 0.035116
17 0.692205 0.206305 0.109071 0.092578
9 0.726790 0.543628 0.111732 0.243681
9 0.191407 0.494148 0.105081 0.223462
0 0.533253 0.320166 0.115725 0.105349