15 0.314913 0.469730 0.052257 0.046152
15 0.220912 0.534888 0.055820 0.059899
15 0.161529 0.569749 0.032067 0.023568
15 0.244331 0.459298 0.069263 0.050381
15 0.309393 0.530960 0.073635 0.054010
15 0.305237 0.201502 0.162710 0.198362
15 0.237743 0.406670 0.069863 0.052565
15 0.245428 0.356126 0.020959 0.017331
19 0.832793 0.377083 0.036697 0.052767
11 0.744246 0.410721 0.138807 0.058044
16 0.756610 0.509660 0.212992 0.216344
16 0.731008 0.479816 0.278638 0.183128
11 0.739941 0.398099 0.220291 0.090579
15 0.247558 0.460125 0.061920 0.049229
15 0.222552 0.535936 0.076209 0.059072
15 0.310669 0.526091 0.071446 0.059076
15 0.236246 0.406468 0.075019 0.060059
15 0.350835 0.196792 0.040791 0.037033
15 0.248858 0.295326 0.036792 0.029097
15 0.257257 0.223906 0.031193 0.025130
15 0.315667 0.468766 0.060276 0.053613
10 0.332838 0.354843 0.159961 0.175906
11 0.332838 0.354843 0.159961 0.175906
15 0.358640 0.134293 0.024078 0.015331
15 0.338437 0.154887 0.020757 0.016246
11 0.760250 0.415938 0.148705 0.054518
16 0.764457 0.482054 0.258126 0.267943
15 0.292575 0.335802 0.310763 0.545681