18 0.462202 0.598008 0.564509 0.118481
21 0.462202 0.598008 0.564509 0.118481
21 0.926067 0.572632 0.109625 0.758754
21 0.084895 0.559014 0.125701 0.773021
21 0.532887 0.077172 0.641659 0.099870
3 0.572158 0.499564 0.415280 0.165523
0 0.596702 0.240388 0.085413 0.067081
21 0.731188 0.059821 0.339962 0.114249
21 0.904185 0.597648 0.159380 0.791957
21 0.100717 0.607391 0.188145 0.782445
21 0.306911 0.069773 0.287615 0.113815
21 0.426083 0.595049 0.532479 0.133648
3 0.573123 0.504465 0.411744 0.132658
15 0.602502 0.244231 0.074582 0.067517
21 0.499445 0.502748 0.957263 0.980663
3 0.574753 0.530220 0.425513 0.103904
21 0.464976 0.595162 0.596972 0.120606