16 0.145244 0.815942 0.216179 0.154331
19 0.285267 0.229166 0.327863 0.240508
9 0.285267 0.229166 0.327863 0.240508
7 0.224710 0.709964 0.430397 0.260456
19 0.292444 0.238127 0.235654 0.230131
7 0.253714 0.713048 0.326308 0.230264
7 0.759764 0.604377 0.323851 0.656884
14 0.433211 0.327918 0.156528 0.340256
19 0.311001 0.211571 0.306486 0.238020
17 0.221826 0.217257 0.206055 0.200877
17 0.255612 0.788618 0.358008 0.168690
7 0.734826 0.508540 0.355281 0.853044
7 0.263014 0.491435 0.356378 0.812658