12 0.723156 0.302392 0.059232 0.058087
17 0.800986 0.616743 0.088161 0.247152
16 0.800986 0.616743 0.088161 0.247152
11 0.756217 0.596242 0.152906 0.228929
19 0.690785 0.293850 0.203870 0.198179
17 0.797213 0.617199 0.077079 0.226839
17 0.699886 0.212671 0.141094 0.113419
10 0.674293 0.307861 0.249295 0.256271
19 0.674293 0.307861 0.249295 0.256271
12 0.723671 0.304150 0.046374 0.046603
11 0.716051 0.577575 0.149126 0.199720
17 0.797295 0.608538 0.096528 0.256452
12 0.722650 0.302076 0.068213 0.047887
19 0.690476 0.298351 0.207205 0.255388
14 0.554697 0.252594 0.087512 0.187285
9 0.277397 0.561040 0.160048 0.115557
16 0.817280 0.731582 0.063118 0.078281