10 0.762356 0.554965 0.247943 0.374048
11 0.296067 0.434642 0.252741 0.285115
16 0.236881 0.452953 0.303928 0.528380
16 0.269047 0.561220 0.303719 0.309543
5 0.303849 0.389204 0.246772 0.384559
10 0.303849 0.389204 0.246772 0.384559
10 0.804245 0.581913 0.199316 0.373347
16 0.247427 0.526200 0.350321 0.421860
10 0.272291 0.382290 0.257424 0.229852
17 0.265378 0.209498 0.150109 0.054368
10 0.824862 0.651377 0.186235 0.169712
16 0.884510 0.760316 0.116745 0.124227
17 0.298995 0.553138 0.233047 0.078060