17 0.163957 0.737958 0.042874 0.057469
16 0.163957 0.737958 0.042874 0.057469
18 0.223779 0.475507 0.172758 0.518379
5 0.325662 0.519944 0.162040 0.431090
11 0.325662 0.519944 0.162040 0.431090
11 0.372330 0.272287 0.023325 0.038373
9 0.755981 0.549795 0.229504 0.431025
18 0.293453 0.476808 0.287373 0.503411
16 0.294201 0.766030 0.285877 0.077765
9 0.736455 0.583816 0.258973 0.361780
18 0.268716 0.479952 0.226620 0.498179
16 0.262051 0.773389 0.255947 0.081410
11 0.325681 0.629070 0.147227 0.203158
19 0.325681 0.629070 0.147227 0.203158
21 0.756112 0.602510 0.218791 0.327103
9 0.756112 0.602510 0.218791 0.327103
17 0.665630 0.205981 0.119623 0.027957