3 0.574619 0.591466 0.335176 0.126266
0 0.565436 0.316746 0.079583 0.077288
17 0.797839 0.700575 0.035918 0.059867
16 0.797839 0.700575 0.035918 0.059867
19 0.702171 0.420363 0.120143 0.157640
15 0.646882 0.209668 0.012220 0.026413
2 0.725690 0.357860 0.017324 0.016878
19 0.675098 0.422956 0.105716 0.024167
3 0.572002 0.603037 0.367617 0.102305
11 0.737881 0.540409 0.105716 0.237106
19 0.685916 0.421720 0.108102 0.030752
3 0.577816 0.585736 0.354128 0.123945
0 0.560107 0.310355 0.085736 0.080143
2 0.644912 0.208311 0.011185 0.021434
2 0.726921 0.356021 0.018639 0.022367