0 0.550069 0.308613 0.108982 0.128429
19 0.314769 0.169053 0.019382 0.074827
15 0.752338 0.239923 0.043233 0.030938
19 0.752338 0.239923 0.043233 0.030938
15 0.773956 0.321226 0.037270 0.036694
19 0.773956 0.321226 0.037270 0.036694
15 0.735939 0.196034 0.020872 0.020865
19 0.735939 0.196034 0.020872 0.020865
17 0.592070 0.137036 0.117777 0.030938
0 0.550539 0.326700 0.135658 0.147624
2 0.770101 0.317887 0.044402 0.039961
2 0.755101 0.249837 0.031200 0.044015
19 0.316984 0.200602 0.040199 0.136233
19 0.682118 0.184296 0.137674 0.081659
19 0.311198 0.170273 0.020061 0.083143
2 0.761965 0.263098 0.071981 0.159453
17 0.675822 0.163440 0.206502 0.103645
19 0.662252 0.203303 0.094402 0.112756
0 0.550741 0.316629 0.112100 0.134397