21 0.927890 0.593019 0.127531 0.709326
0 0.601403 0.262930 0.112229 0.134161
5 0.712359 0.470149 0.219357 0.107593
11 0.712359 0.470149 0.219357 0.107593
0 0.609692 0.259307 0.098599 0.133504
21 0.890658 0.549982 0.176245 0.747111
5 0.686808 0.475778 0.092720 0.091398
13 0.701076 0.366850 0.206472 0.176506
13 0.734144 0.576200 0.237263 0.202819
21 0.862793 0.549885 0.156347 0.776376
17 0.090414 0.884748 0.040739 0.065367
16 0.090414 0.884748 0.040739 0.065367
15 0.684425 0.480505 0.083680 0.089451
19 0.720758 0.512613 0.233419 0.291284
0 0.600195 0.265482 0.128823 0.141055