0 0.571821 0.314922 0.098199 0.118822
21 0.787730 0.556403 0.172396 0.279201
19 0.733266 0.261476 0.202409 0.146865
0 0.564987 0.310655 0.110720 0.128370
17 0.736997 0.442056 0.265599 0.520513
17 0.092825 0.714123 0.044135 0.036448
16 0.092825 0.714123 0.044135 0.036448
17 0.884397 0.796127 0.027049 0.036448
16 0.884397 0.796127 0.027049 0.036448
21 0.749857 0.451024 0.267656 0.514805
10 0.158775 0.578618 0.058964 0.052410
21 0.158775 0.578618 0.058964 0.052410
0 0.494306 0.344533 0.263385 0.174260