15 0.806834 0.578949 0.065600 0.076815
0 0.563566 0.309396 0.125733 0.132682
11 0.729325 0.698039 0.047731 0.063793
11 0.836965 0.644115 0.017276 0.019312
0 0.587076 0.329155 0.104278 0.141312
15 0.805174 0.580543 0.058372 0.063128
15 0.823301 0.650191 0.051614 0.048688
15 0.736312 0.701063 0.040855 0.046641
15 0.793027 0.722973 0.035737 0.028911
3 0.603040 0.663188 0.453238 0.151770
15 0.805514 0.577746 0.069001 0.069977
15 0.838212 0.642468 0.023064 0.027341
0 0.565559 0.323751 0.135670 0.147461
3 0.599732 0.683884 0.451832 0.169425