0 0.550373 0.352155 0.154115 0.162461
17 0.771631 0.772890 0.044250 0.045823
15 0.246616 0.301131 0.022307 0.024688
19 0.281885 0.221305 0.033762 0.034015
19 0.641292 0.228726 0.025158 0.089416
0 0.553605 0.356226 0.166461 0.175867
19 0.632525 0.213507 0.056859 0.132650
19 0.285724 0.218541 0.024391 0.030891
19 0.233613 0.296146 0.058087 0.035239
15 0.296695 0.385250 0.040886 0.031062
19 0.269378 0.355259 0.050711 0.027823
9 0.237601 0.609084 0.234039 0.417324
9 0.734768 0.576191 0.286723 0.480783
0 0.552523 0.350039 0.156855 0.157249
15 0.244144 0.302797 0.036337 0.031810
2 0.244144 0.302797 0.036337 0.031810
15 0.283930 0.347581 0.021158 0.024275
2 0.283930 0.347581 0.021158 0.024275