17 0.904586 0.680537 0.016005 0.030997
0 0.602030 0.289426 0.103020 0.102109
15 0.825071 0.504582 0.061013 0.061994
14 0.544245 0.122909 0.096672 0.231971
17 0.901317 0.687502 0.047080 0.063353
17 0.132873 0.693632 0.059413 0.079702
21 0.541610 0.173859 0.109977 0.313259
15 0.831344 0.513418 0.068428 0.068262
10 0.831254 0.509721 0.095975 0.081408
11 0.831254 0.509721 0.095975 0.081408
17 0.889241 0.660388 0.065316 0.074119
16 0.889241 0.660388 0.065316 0.074119
14 0.539990 0.147631 0.139965 0.193196