19 0.241171 0.603242 0.150138 0.115238
19 0.210233 0.736972 0.217473 0.047299
17 0.127885 0.827269 0.069155 0.079980
16 0.127885 0.827269 0.069155 0.079980
21 0.424645 0.299218 0.053783 0.228169
19 0.278262 0.623244 0.200709 0.118133
19 0.244609 0.733993 0.236763 0.076103
16 0.273453 0.834517 0.342524 0.059063
21 0.536055 0.509086 0.261999 0.671305
21 0.532250 0.503243 0.281328 0.653698
16 0.253667 0.836576 0.322499 0.059665
19 0.274054 0.619267 0.199506 0.130628
19 0.233792 0.731719 0.248779 0.064745