15 0.223146 0.494656 0.070368 0.038868
19 0.223146 0.494656 0.070368 0.038868
21 0.222744 0.391402 0.409815 0.537313
21 0.725254 0.394655 0.357773 0.588052
15 0.218477 0.488691 0.065936 0.048694
15 0.734963 0.463613 0.047079 0.033809
15 0.405634 0.156814 0.022444 0.021220
21 0.405634 0.156814 0.022444 0.021220
15 0.219452 0.491023 0.062230 0.044885
21 0.219452 0.491023 0.062230 0.044885
21 0.487249 0.434709 0.112221 0.351756
21 0.232705 0.435516 0.021125 0.016899
21 0.244832 0.402653 0.020343 0.015021
21 0.758513 0.419424 0.025352 0.020285
21 0.792433 0.432306 0.017817 0.012062
21 0.251607 0.279751 0.020549 0.015010
21 0.376688 0.246158 0.024123 0.043599
21 0.709492 0.140733 0.021441 0.018583
21 0.071581 0.197555 0.067901 0.055035