0 0.563872 0.342200 0.119523 0.111335
15 0.775085 0.626434 0.237409 0.378542
15 0.202032 0.596307 0.286526 0.383781
0 0.560920 0.341487 0.126762 0.127006
3 0.554766 0.660481 0.449201 0.164420
15 0.138298 0.652424 0.047118 0.041000
15 0.216531 0.633330 0.021556 0.015215
15 0.280881 0.705858 0.022190 0.016229
15 0.680981 0.535898 0.023342 0.017503
15 0.696905 0.478738 0.028872 0.020434
15 0.856964 0.746457 0.017504 0.017892
15 0.861341 0.713781 0.022370 0.017896
15 0.801530 0.605637 0.021393 0.014781
10 0.220783 0.641507 0.275595 0.318701
19 0.220783 0.641507 0.275595 0.318701
10 0.779562 0.672873 0.211432 0.283545
19 0.779562 0.672873 0.211432 0.283545
0 0.549106 0.331869 0.132587 0.119741
3 0.563325 0.697222 0.472820 0.120167