0 0.629634 0.286581 0.118510 0.159222
19 0.764229 0.205124 0.180506 0.255869
17 0.745557 0.073796 0.182996 0.054296
14 0.550425 0.158973 0.079047 0.223291
1 0.381745 0.134200 0.177391 0.160173
19 0.356596 0.285186 0.175140 0.203101
17 0.749704 0.077703 0.233175 0.105209
17 0.368671 0.140049 0.171533 0.173400
19 0.767571 0.217982 0.209948 0.284454
9 0.767571 0.217982 0.209948 0.284454
14 0.537174 0.237659 0.111885 0.328456
19 0.371447 0.289426 0.217210 0.333225
9 0.371447 0.289426 0.217210 0.333225
17 0.363709 0.161344 0.196544 0.157702
17 0.744226 0.077507 0.221772 0.081956
10 0.354595 0.363706 0.221631 0.333691
11 0.354595 0.363706 0.221631 0.333691
10 0.777322 0.251444 0.229326 0.255665
11 0.777322 0.251444 0.229326 0.255665