21 0.482496 0.801097 0.246684 0.409271
16 0.252692 0.492502 0.377037 0.616712
11 0.255495 0.472878 0.329380 0.402543
16 0.302449 0.444845 0.213046 0.169316
19 0.644141 0.292563 0.062135 0.128791
19 0.316612 0.476953 0.212196 0.215851
16 0.235238 0.482029 0.378691 0.560977
11 0.275353 0.469832 0.301669 0.344030
17 0.623372 0.206444 0.199219 0.070759
19 0.631957 0.290244 0.046667 0.141103
11 0.275058 0.483485 0.380127 0.575170
16 0.275058 0.483485 0.380127 0.575170
11 0.266515 0.478930 0.331720 0.395217
1 0.280040 0.426538 0.213554 0.140090
1 0.665148 0.283600 0.109627 0.138953
19 0.665148 0.283600 0.109627 0.138953