16 0.787769 0.761286 0.124887 0.152566
3 0.534616 0.644502 0.465794 0.202517
11 0.204896 0.571997 0.179919 0.075590
16 0.197777 0.622217 0.222634 0.217455
11 0.223240 0.405602 0.051776 0.069441
15 0.417555 0.346327 0.077433 0.104833
11 0.417555 0.346327 0.077433 0.104833
16 0.792042 0.735557 0.166879 0.125802
16 0.231710 0.623069 0.287981 0.191986
5 0.331515 0.500000 0.127426 0.085326
10 0.228158 0.404854 0.071736 0.062674
11 0.235237 0.563054 0.252020 0.116288
3 0.551996 0.639965 0.449689 0.206854
16 0.792999 0.722965 0.142925 0.183826
11 0.788051 0.725604 0.073663 0.092354
16 0.211948 0.623576 0.249571 0.271778
5 0.215796 0.579160 0.173711 0.107306
11 0.215796 0.579160 0.173711 0.107306
5 0.215247 0.408089 0.095651 0.074760