15 0.793673 0.483342 0.041768 0.055138
16 0.793902 0.683984 0.156277 0.191487
1 0.652959 0.250417 0.161314 0.137827
11 0.652959 0.250417 0.161314 0.137827
15 0.755003 0.496859 0.039076 0.042763
11 0.832436 0.440281 0.065630 0.277957
17 0.832436 0.440281 0.065630 0.277957
21 0.543108 0.627176 0.218078 0.260147
21 0.525780 0.475517 0.227339 0.580751
17 0.846285 0.595484 0.090230 0.170406
17 0.679845 0.222602 0.199220 0.100012
11 0.731603 0.450652 0.242201 0.332777
5 0.669856 0.285072 0.135278 0.120376
11 0.669856 0.285072 0.135278 0.120376
16 0.774380 0.645444 0.246677 0.161603
17 0.745112 0.367658 0.248771 0.379987
5 0.673512 0.271570 0.176651 0.156363
11 0.673512 0.271570 0.176651 0.156363
11 0.753996 0.589973 0.185011 0.101330