0 0.588566 0.377350 0.120812 0.162633
3 0.601610 0.634853 0.498357 0.158357
10 0.838896 0.471757 0.127254 0.123612
11 0.838896 0.471757 0.127254 0.123612
0 0.599531 0.361160 0.116842 0.152895
3 0.607646 0.595561 0.498744 0.176502
5 0.831746 0.475308 0.134421 0.415596
0 0.587736 0.354930 0.123601 0.143347
5 0.828872 0.467318 0.067317 0.079128
3 0.612016 0.630159 0.531936 0.092890
11 0.867499 0.595756 0.104845 0.161696
21 0.867499 0.595756 0.104845 0.161696
11 0.247276 0.577982 0.188716 0.075687
19 0.247276 0.577982 0.188716 0.075687