15 0.193969 0.550221 0.025687 0.018009
15 0.197254 0.324563 0.021506 0.020737
15 0.771977 0.456273 0.030015 0.021185
17 0.388855 0.103076 0.103588 0.037756
15 0.664027 0.412409 0.038832 0.021827
0 0.609225 0.263269 0.123626 0.133247
0 0.597966 0.281453 0.164695 0.142673
15 0.194779 0.324837 0.022990 0.018377
15 0.284245 0.383759 0.027782 0.023773
15 0.251891 0.436287 0.025672 0.021527
15 0.196173 0.551721 0.031723 0.022012
15 0.287195 0.580516 0.029939 0.021437
15 0.254019 0.596656 0.030479 0.024637
15 0.770681 0.455628 0.033973 0.025181
15 0.782376 0.490094 0.029515 0.025439
15 0.666311 0.422029 0.052279 0.045767
15 0.661956 0.493004 0.045019 0.041126
15 0.688405 0.200955 0.030908 0.028235
15 0.772968 0.458107 0.027294 0.023940
21 0.772968 0.458107 0.027294 0.023940
15 0.197834 0.551102 0.027731 0.027078
21 0.197834 0.551102 0.027731 0.027078
19 0.828464 0.567261 0.026775 0.024460
0 0.599742 0.264806 0.143378 0.117312