0 0.582102 0.354170 0.116480 0.089822
17 0.327093 0.218118 0.185670 0.045638
5 0.753745 0.568065 0.305749 0.424396
11 0.753745 0.568065 0.305749 0.424396
5 0.257856 0.531960 0.322946 0.520179
11 0.257856 0.531960 0.322946 0.520179
17 0.683631 0.210864 0.155320 0.053648
17 0.330121 0.216479 0.139138 0.044914
0 0.575491 0.361118 0.127771 0.114952
21 0.797616 0.792092 0.176241 0.110913
5 0.240757 0.552158 0.354727 0.523956
11 0.240757 0.552158 0.354727 0.523956
5 0.736329 0.595905 0.331251 0.420371
11 0.736329 0.595905 0.331251 0.420371
20 0.146248 0.457993 0.040740 0.036464
20 0.118240 0.431065 0.044377 0.044317