2 0.747129 0.559499 0.034176 0.037109
21 0.747129 0.559499 0.034176 0.037109
21 0.147695 0.649774 0.061517 0.028678
21 0.231104 0.561119 0.028819 0.032020
15 0.230827 0.495403 0.027157 0.027721
21 0.131614 0.555525 0.032519 0.018835
15 0.254052 0.680786 0.043731 0.032730
21 0.254052 0.680786 0.043731 0.032730
17 0.325394 0.192500 0.151840 0.039017
2 0.224662 0.502066 0.033329 0.030573
19 0.161337 0.545962 0.082414 0.034229
19 0.159781 0.650829 0.086498 0.028329
2 0.230637 0.562891 0.026643 0.030045
15 0.257499 0.680392 0.033969 0.027039
15 0.255846 0.681100 0.041320 0.027609
0 0.550919 0.344150 0.115022 0.093141
15 0.150386 0.650570 0.063284 0.021831
15 0.742674 0.562209 0.047650 0.033707
2 0.742674 0.562209 0.047650 0.033707