11 0.770449 0.335774 0.205194 0.334173
1 0.646841 0.142243 0.199659 0.127166
11 0.318417 0.195773 0.148420 0.200656
17 0.165537 0.789348 0.077860 0.087737
16 0.165537 0.789348 0.077860 0.087737
17 0.839916 0.714197 0.065693 0.083928
16 0.839916 0.714197 0.065693 0.083928
10 0.337612 0.195764 0.180128 0.183569
19 0.337612 0.195764 0.180128 0.183569
17 0.654950 0.135853 0.191843 0.120819
10 0.750572 0.337495 0.223477 0.386730
19 0.750572 0.337495 0.223477 0.386730
10 0.774601 0.294898 0.177069 0.309211
11 0.774601 0.294898 0.177069 0.309211
11 0.615024 0.194654 0.135719 0.204478
17 0.615024 0.194654 0.135719 0.204478
11 0.324495 0.184181 0.171772 0.205476
19 0.324495 0.184181 0.171772 0.205476
17 0.844580 0.699867 0.039233 0.067826
16 0.844580 0.699867 0.039233 0.067826
17 0.165447 0.764200 0.076343 0.070820
16 0.165447 0.764200 0.076343 0.070820