11 0.731076 0.622916 0.107430 0.082740
16 0.793327 0.673999 0.081106 0.095695
5 0.712014 0.468213 0.152718 0.119345
11 0.712014 0.468213 0.152718 0.119345
15 0.247449 0.532974 0.203226 0.300094
11 0.247449 0.532974 0.203226 0.300094
9 0.247449 0.532974 0.203226 0.300094
0 0.593462 0.359701 0.103197 0.120115
5 0.679538 0.490155 0.069298 0.068920
5 0.725943 0.612521 0.102314 0.096574
3 0.497080 0.638820 0.334910 0.154577
16 0.773341 0.664004 0.133402 0.109117
10 0.266300 0.596492 0.163560 0.143745
10 0.743095 0.521226 0.156060 0.236354
16 0.763132 0.687119 0.150186 0.120291
5 0.672395 0.493050 0.080181 0.063712
19 0.752579 0.446715 0.061859 0.054447
5 0.736540 0.588038 0.128295 0.128586
10 0.736540 0.588038 0.128295 0.128586
11 0.736540 0.588038 0.128295 0.128586