19 0.223958 0.289762 0.045118 0.020617
11 0.735240 0.290255 0.174765 0.125784
17 0.716966 0.191605 0.143925 0.050212
17 0.893878 0.978993 0.044345 0.031505
16 0.893878 0.978993 0.044345 0.031505
19 0.224887 0.291826 0.044680 0.018283
17 0.712253 0.181423 0.109688 0.040776
19 0.699191 0.281066 0.174776 0.137837
17 0.406661 0.178382 0.089156 0.017228
17 0.692910 0.187363 0.138277 0.030791
0 0.566028 0.400368 0.110620 0.098237
17 0.067934 0.926748 0.016145 0.029633
16 0.067934 0.926748 0.016145 0.029633
17 0.896402 0.980623 0.025809 0.033834
16 0.896402 0.980623 0.025809 0.033834