0 0.631668 0.397799 0.135941 0.104868
3 0.663611 0.742509 0.488408 0.126460
19 0.890340 0.508482 0.062143 0.017738
11 0.739170 0.521376 0.134055 0.169079
17 0.696660 0.160411 0.132067 0.042408
17 0.384167 0.139738 0.178842 0.030267
19 0.304444 0.684571 0.253784 0.043497
0 0.629513 0.420687 0.130924 0.152039
10 0.800078 0.504741 0.171483 0.209816
9 0.800078 0.504741 0.171483 0.209816
17 0.387453 0.139114 0.165774 0.027676
17 0.701580 0.178758 0.161067 0.048619
0 0.629050 0.390065 0.129042 0.107711
10 0.784464 0.510866 0.277861 0.204201
19 0.715237 0.348178 0.037676 0.052359
3 0.660574 0.761558 0.474164 0.082556
19 0.906141 0.685113 0.076769 0.101725