15 0.290568 0.449612 0.032386 0.036151
15 0.827116 0.517124 0.031424 0.039278
15 0.778996 0.560823 0.031424 0.034368
15 0.823678 0.605993 0.028479 0.022586
15 0.890277 0.742711 0.019782 0.024080
15 0.217801 0.531700 0.029861 0.033791
15 0.302189 0.208532 0.027528 0.028904
15 0.308727 0.362686 0.029592 0.027528
15 0.298311 0.536426 0.015835 0.016361
15 0.337106 0.619821 0.024807 0.030086
15 0.215444 0.704534 0.025335 0.023225
3 0.597924 0.670558 0.460439 0.168612
0 0.640078 0.285992 0.111544 0.136186
15 0.828282 0.513820 0.041182 0.041182
15 0.783007 0.560454 0.038658 0.040605
15 0.289444 0.449637 0.031049 0.034969
15 0.296940 0.536258 0.014781 0.016197
15 0.306449 0.363278 0.025200 0.022658
17 0.403669 0.114758 0.119261 0.040313
0 0.642114 0.278763 0.120640 0.116566
3 0.602073 0.713963 0.472086 0.160195
15 0.287712 0.448452 0.042196 0.038362
15 0.301351 0.211826 0.037360 0.024155
15 0.306950 0.360370 0.026479 0.027582
15 0.216136 0.526810 0.040278 0.041716
15 0.296212 0.536162 0.028770 0.015343
15 0.826316 0.516642 0.048912 0.038245
15 0.769624 0.552687 0.075012 0.060772