0 0.466964 0.377293 0.109492 0.107226
17 0.040795 0.701616 0.055690 0.061163
16 0.040795 0.701616 0.055690 0.061163
2 0.189734 0.471776 0.063688 0.056962
19 0.131280 0.455214 0.115242 0.043955
11 0.196514 0.369244 0.254602 0.248650
3 0.488542 0.618948 0.406128 0.109285
19 0.147909 0.466894 0.153474 0.069497
2 0.147909 0.466894 0.153474 0.069497
19 0.221513 0.400703 0.051586 0.036260
2 0.221513 0.400703 0.051586 0.036260
11 0.198755 0.379638 0.261215 0.253280
17 0.218547 0.234611 0.054295 0.020849
0 0.473197 0.375338 0.095889 0.095226
3 0.480099 0.613509 0.394881 0.112420
0 0.468471 0.367491 0.106661 0.074844
3 0.484079 0.636521 0.407718 0.111396
11 0.082494 0.440151 0.053829 0.047177
11 0.195100 0.473557 0.070057 0.062698
12 0.195100 0.473557 0.070057 0.062698
19 0.149385 0.460892 0.100534 0.029132
10 0.258987 0.412554 0.118201 0.053517
11 0.258987 0.412554 0.118201 0.053517
12 0.258987 0.412554 0.118201 0.053517