0 0.607923 0.310008 0.112422 0.136032
20 0.789299 0.360392 0.041755 0.049749
20 0.780636 0.429019 0.046637 0.058187
20 0.832324 0.716943 0.032266 0.049427
20 0.252951 0.445387 0.035771 0.050078
20 0.299640 0.293778 0.041054 0.038900
20 0.788965 0.364133 0.048242 0.044307
20 0.779119 0.428620 0.050212 0.061042
0 0.610798 0.309878 0.106055 0.136234
20 0.790653 0.360687 0.042764 0.049447
20 0.782969 0.428172 0.044766 0.056123
20 0.299747 0.292279 0.041269 0.036159
20 0.250305 0.442593 0.033293 0.038148
0 0.596989 0.321533 0.124948 0.154479