0 0.578608 0.335053 0.094546 0.088380
17 0.079861 0.900188 0.044911 0.065794
19 0.224566 0.408670 0.084941 0.071893
15 0.781574 0.264390 0.015221 0.018211
9 0.244030 0.618473 0.154824 0.202289
9 0.812507 0.605216 0.112279 0.228802
17 0.078199 0.895285 0.054825 0.086697
16 0.078199 0.895285 0.054825 0.086697
19 0.267749 0.421996 0.133877 0.085407
15 0.222676 0.401798 0.091154 0.069320
15 0.221759 0.401445 0.090067 0.066817
19 0.258751 0.433183 0.123841 0.054124
17 0.079341 0.892468 0.049909 0.066645
16 0.079341 0.892468 0.049909 0.066645