15 0.784000 0.398178 0.189900 0.274956
19 0.784000 0.398178 0.189900 0.274956
19 0.627053 0.238851 0.074201 0.084194
12 0.310396 0.384210 0.040647 0.037003
14 0.445651 0.195831 0.114931 0.207439
1 0.277457 0.289460 0.291536 0.181650
10 0.316703 0.333190 0.154178 0.087461
19 0.316703 0.333190 0.154178 0.087461
14 0.435570 0.285426 0.130309 0.185328
1 0.280974 0.323791 0.271351 0.197299
19 0.280974 0.323791 0.271351 0.197299
9 0.786452 0.405342 0.179536 0.325150
19 0.281548 0.312378 0.313110 0.210598
17 0.281548 0.312378 0.313110 0.210598
9 0.279810 0.433911 0.281800 0.362747
9 0.722224 0.423242 0.273685 0.408204