19 0.259339 0.333321 0.178731 0.116991
15 0.204986 0.511289 0.101209 0.098516
15 0.200141 0.639053 0.048451 0.035918
15 0.264870 0.424391 0.050222 0.029375
15 0.265360 0.490731 0.361051 0.701554
19 0.265360 0.490731 0.361051 0.701554
19 0.676994 0.279599 0.308725 0.292590
15 0.265029 0.398611 0.199287 0.331123
11 0.265029 0.398611 0.199287 0.331123
19 0.265029 0.398611 0.199287 0.331123
2 0.147882 0.480744 0.033480 0.053918
15 0.194639 0.633695 0.057724 0.045117
19 0.724375 0.229417 0.099873 0.121273