4 0.301383 0.592923 0.038702 0.052565
10 0.269324 0.556820 0.084336 0.041589
10 0.342805 0.264156 0.135217 0.135216
10 0.736756 0.329358 0.117171 0.066733
10 0.712171 0.322288 0.178203 0.230384
19 0.712171 0.322288 0.178203 0.230384
10 0.378900 0.252878 0.208724 0.146699
19 0.378900 0.252878 0.208724 0.146699
10 0.287742 0.568050 0.125674 0.110039
11 0.287742 0.568050 0.125674 0.110039
20 0.299472 0.594631 0.049227 0.044925
11 0.267690 0.552095 0.073601 0.043968
10 0.367123 0.251498 0.156119 0.125566
11 0.367123 0.251498 0.156119 0.125566
10 0.743846 0.360027 0.103141 0.164809
11 0.743846 0.360027 0.103141 0.164809
11 0.653569 0.203930 0.057952 0.037389