17 0.324524 0.196500 0.089624 0.048202
0 0.550832 0.298900 0.082093 0.105442
10 0.716963 0.546437 0.183633 0.333877
19 0.716963 0.546437 0.183633 0.333877
10 0.270157 0.472788 0.279868 0.445823
19 0.270157 0.472788 0.279868 0.445823
0 0.559772 0.323172 0.110247 0.127615
12 0.201101 0.593073 0.036245 0.049082
10 0.282019 0.475582 0.296534 0.432606
19 0.282019 0.475582 0.296534 0.432606
9 0.282019 0.475582 0.296534 0.432606
10 0.672384 0.523069 0.257809 0.406975
19 0.672384 0.523069 0.257809 0.406975
9 0.672384 0.523069 0.257809 0.406975
12 0.198968 0.600918 0.057340 0.064219
10 0.688075 0.507454 0.223623 0.391055
19 0.688075 0.507454 0.223623 0.391055
21 0.688075 0.507454 0.223623 0.391055
9 0.688075 0.507454 0.223623 0.391055
10 0.291284 0.442660 0.271788 0.438072
19 0.291284 0.442660 0.271788 0.438072
21 0.291284 0.442660 0.271788 0.438072
9 0.291284 0.442660 0.271788 0.438072
21 0.670298 0.319381 0.151377 0.159403
13 0.670298 0.319381 0.151377 0.159403
21 0.349770 0.267201 0.145642 0.149081
13 0.349770 0.267201 0.145642 0.149081
0 0.552179 0.313647 0.105505 0.097478