19 0.261838 0.534169 0.253124 0.492027
21 0.261838 0.534169 0.253124 0.492027
9 0.261838 0.534169 0.253124 0.492027
15 0.670829 0.523918 0.200752 0.214124
11 0.670829 0.523918 0.200752 0.214124
19 0.718835 0.456720 0.244398 0.469249
21 0.718835 0.456720 0.244398 0.469249
9 0.718835 0.456720 0.244398 0.469249
17 0.862231 0.701593 0.064840 0.068337
16 0.862231 0.701593 0.064840 0.068337
3 0.671695 0.549465 0.220310 0.243955
15 0.671695 0.549465 0.220310 0.243955
16 0.848927 0.701234 0.065232 0.052839
9 0.724619 0.462901 0.286771 0.450812
9 0.275996 0.523608 0.283082 0.545244
15 0.672619 0.529699 0.197006 0.216637
11 0.672619 0.529699 0.197006 0.216637
19 0.264739 0.527953 0.247693 0.501411
9 0.264739 0.527953 0.247693 0.501411
19 0.711830 0.462874 0.248649 0.484812
9 0.711830 0.462874 0.248649 0.484812
17 0.679314 0.234882 0.143453 0.069009