11 0.821227 0.619667 0.032126 0.064277
17 0.884403 0.818981 0.035558 0.032766
11 0.846296 0.685746 0.055943 0.058999
15 0.244982 0.392781 0.053979 0.037525
11 0.244982 0.392781 0.053979 0.037525
2 0.199769 0.795331 0.207532 0.077451
17 0.848092 0.631281 0.079360 0.169645
17 0.184712 0.797937 0.176093 0.067647
20 0.261291 0.317305 0.077121 0.059958
20 0.283832 0.498472 0.071113 0.043137
17 0.885044 0.819048 0.074349 0.081871
16 0.885044 0.819048 0.074349 0.081871
0 0.573945 0.386684 0.109334 0.095488
21 0.818186 0.618150 0.026578 0.071944
17 0.885407 0.657576 0.078099 0.233321