10 0.778377 0.358484 0.290460 0.446053
11 0.778377 0.358484 0.290460 0.446053
9 0.778377 0.358484 0.290460 0.446053
10 0.316397 0.261640 0.198820 0.198741
11 0.316397 0.261640 0.198820 0.198741
10 0.816625 0.345122 0.102999 0.193028
10 0.674950 0.173008 0.107617 0.080456
10 0.284367 0.275918 0.087759 0.148101
19 0.284367 0.275918 0.087759 0.148101
19 0.258140 0.265455 0.126663 0.149375
11 0.669568 0.160367 0.100994 0.070819
19 0.669568 0.160367 0.100994 0.070819
21 0.824171 0.391776 0.088524 0.148621
21 0.236921 0.499502 0.123435 0.104733