11 0.707500 0.299158 0.049060 0.040376
0 0.552347 0.324320 0.122646 0.126979
11 0.808378 0.455394 0.059485 0.056759
11 0.203630 0.593547 0.072126 0.065339
11 0.283034 0.279052 0.047798 0.031773
3 0.578524 0.702288 0.474943 0.164394
0 0.561018 0.328687 0.114725 0.148710
3 0.583747 0.680324 0.471876 0.172462
15 0.810555 0.454675 0.047560 0.049313
21 0.810555 0.454675 0.047560 0.049313
21 0.204558 0.587168 0.085165 0.093755
20 0.204558 0.587168 0.085165 0.093755
0 0.555050 0.317769 0.112820 0.121920
15 0.813432 0.452317 0.052775 0.050357
21 0.813432 0.452317 0.052775 0.050357
21 0.207756 0.583542 0.077559 0.099184
20 0.207756 0.583542 0.077559 0.099184
3 0.582733 0.682309 0.477353 0.172653