0 0.545586 0.278369 0.126884 0.106417
10 0.709831 0.394044 0.317804 0.511663
10 0.303309 0.386628 0.248946 0.460813
19 0.288533 0.325594 0.125087 0.040321
17 0.204185 0.649156 0.032503 0.033063
16 0.204185 0.649156 0.032503 0.033063
14 0.433952 0.262790 0.157391 0.237211
0 0.543563 0.294268 0.140530 0.122540
10 0.696738 0.399383 0.320404 0.445192
10 0.297641 0.388702 0.252949 0.390103
19 0.313099 0.276281 0.157390 0.131534
5 0.748570 0.402078 0.217183 0.471024
10 0.748570 0.402078 0.217183 0.471024
19 0.748570 0.402078 0.217183 0.471024
19 0.318595 0.263986 0.150648 0.214925
5 0.290349 0.424175 0.217184 0.280206
11 0.290349 0.424175 0.217184 0.280206
16 0.208120 0.569800 0.077835 0.099427
0 0.554609 0.283569 0.120521 0.107462