0 0.543110 0.301255 0.109935 0.120713
17 0.332597 0.129327 0.107160 0.053302
17 0.198230 0.526724 0.065232 0.181490
2 0.198230 0.526724 0.065232 0.181490
11 0.271350 0.500786 0.152100 0.166649
16 0.203120 0.602545 0.109681 0.088757
17 0.192226 0.535747 0.064311 0.191097
2 0.192226 0.535747 0.064311 0.191097
11 0.289945 0.516036 0.177899 0.159691
19 0.333157 0.189282 0.144095 0.125223
17 0.346323 0.125207 0.104597 0.040376
16 0.199960 0.555236 0.094155 0.116500
17 0.199811 0.484821 0.063242 0.108608
2 0.199811 0.484821 0.063242 0.108608
5 0.274015 0.496290 0.142505 0.104559
11 0.274015 0.496290 0.142505 0.104559
19 0.346183 0.145339 0.082636 0.029007
17 0.314562 0.125439 0.078420 0.037777