1 0.291906 0.454543 0.121157 0.119205
1 0.671391 0.474040 0.128121 0.131462
1 0.727843 0.723773 0.131892 0.133198
10 0.727843 0.723773 0.131892 0.133198
1 0.211174 0.730115 0.163352 0.089014
19 0.293296 0.431177 0.075088 0.055146
2 0.293296 0.431177 0.075088 0.055146
19 0.699434 0.482931 0.077895 0.045139
19 0.308807 0.484585 0.167866 0.223080
19 0.669041 0.501306 0.183307 0.140465
10 0.261182 0.693568 0.190678 0.155045
10 0.657541 0.725384 0.199058 0.133594
0 0.525525 0.496622 0.094002 0.189000