3 0.493438 0.576838 0.372167 0.105980
0 0.510280 0.280667 0.098587 0.078869
19 0.647479 0.268343 0.075583 0.085442
19 0.307254 0.218437 0.088291 0.157822
19 0.582616 0.180637 0.081670 0.105398
0 0.517638 0.292585 0.080798 0.095143
3 0.503290 0.567070 0.400966 0.114023
10 0.648302 0.270120 0.054886 0.066131
10 0.310225 0.202305 0.099498 0.146581
19 0.310225 0.202305 0.099498 0.146581
10 0.633014 0.293030 0.098965 0.123438
19 0.633014 0.293030 0.098965 0.123438
10 0.291966 0.236100 0.102155 0.177707
19 0.291966 0.236100 0.102155 0.177707
0 0.503724 0.291965 0.108542 0.095770
3 0.503724 0.577148 0.391594 0.089388