19 0.320199 0.312527 0.132452 0.259124
15 0.282101 0.514505 0.039166 0.043056
17 0.366872 0.750369 0.054617 0.049235
17 0.728795 0.790518 0.042711 0.066348
2 0.285758 0.514695 0.036889 0.038934
19 0.334151 0.367927 0.108842 0.048444
17 0.578803 0.120489 0.113419 0.036728
17 0.367354 0.123148 0.060666 0.033345
0 0.542535 0.332162 0.105943 0.126617
17 0.365643 0.749570 0.059786 0.042722
21 0.365643 0.749570 0.059786 0.042722
15 0.287175 0.518712 0.043344 0.042722
19 0.704276 0.749916 0.071280 0.113123
17 0.707538 0.792129 0.060738 0.030901
21 0.707538 0.792129 0.060738 0.030901
19 0.288716 0.396984 0.251665 0.139046