16 0.794681 0.639531 0.164171 0.291854
0 0.628852 0.421772 0.169891 0.155226
17 0.329309 0.186072 0.135912 0.052934
17 0.659701 0.185357 0.140382 0.038627
0 0.621964 0.428128 0.185126 0.158556
9 0.277849 0.519165 0.294024 0.490475
16 0.789104 0.640262 0.175325 0.225809
11 0.746530 0.548066 0.222209 0.305944
17 0.642997 0.185654 0.193980 0.078586
17 0.333998 0.184162 0.167867 0.039791
17 0.317771 0.181298 0.144986 0.029795
17 0.653633 0.180766 0.194201 0.079808
16 0.748401 0.549476 0.266029 0.202181
11 0.809258 0.481910 0.103750 0.122375
19 0.395742 0.230677 0.027957 0.030753
0 0.621150 0.389569 0.166580 0.113695
11 0.698613 0.481361 0.069892 0.053118