14 0.447625 0.331066 0.096599 0.180756
11 0.613032 0.461350 0.179570 0.260189
1 0.590428 0.318698 0.234822 0.115528
16 0.598257 0.636913 0.299622 0.244938
14 0.448707 0.351041 0.074478 0.186619
1 0.590534 0.496983 0.239271 0.451812
5 0.590534 0.496983 0.239271 0.451812
19 0.227942 0.364593 0.153003 0.110162
21 0.227942 0.364593 0.153003 0.110162
11 0.602094 0.488207 0.272982 0.495294
16 0.602094 0.488207 0.272982 0.495294
1 0.600456 0.406094 0.195451 0.227992
11 0.600456 0.406094 0.195451 0.227992
14 0.453594 0.306512 0.104826 0.205282