3 0.562491 0.792041 0.542392 0.308090
17 0.127662 0.925602 0.062811 0.102693
16 0.127662 0.925602 0.062811 0.102693
3 0.571591 0.736200 0.543605 0.311938
17 0.125884 0.916466 0.055838 0.093531
16 0.125884 0.916466 0.055838 0.093531
3 0.564498 0.792431 0.548501 0.201834
17 0.131115 0.899974 0.072081 0.088217
16 0.131115 0.899974 0.072081 0.088217
17 0.898566 0.942588 0.038162 0.068783
16 0.898566 0.942588 0.038162 0.068783
8 0.308491 0.678681 0.141336 0.237741
21 0.678083 0.563548 0.117308 0.186903