3 0.584932 0.549422 0.494606 0.159177
11 0.172762 0.512195 0.147382 0.056483
0 0.559870 0.260409 0.143289 0.178751
19 0.816605 0.345571 0.066126 0.036246
19 0.171435 0.286379 0.066276 0.033627
3 0.579643 0.525239 0.491131 0.141883
0 0.571680 0.251023 0.151324 0.147340
19 0.179031 0.319022 0.078459 0.106296
19 0.176782 0.509295 0.166469 0.042437
17 0.599562 0.075532 0.084884 0.033650
17 0.390388 0.058707 0.082457 0.038635
0 0.575092 0.269568 0.148037 0.183692
3 0.591501 0.553951 0.497843 0.137897
19 0.170218 0.288800 0.062414 0.034822
19 0.201534 0.509107 0.136418 0.037388
19 0.809330 0.351418 0.092016 0.044720