1 0.382505 0.247082 0.219729 0.268558
11 0.382505 0.247082 0.219729 0.268558
0 0.585832 0.252804 0.098421 0.106050
19 0.708286 0.198634 0.097660 0.130465
1 0.380581 0.264178 0.197452 0.301781
0 0.594325 0.252693 0.098929 0.125912
1 0.386469 0.239105 0.207570 0.290136
5 0.386469 0.239105 0.207570 0.290136
11 0.386469 0.239105 0.207570 0.290136
0 0.584289 0.270069 0.103213 0.141054
19 0.709290 0.212729 0.077982 0.129587
17 0.166858 0.653096 0.041285 0.024082
16 0.166858 0.653096 0.041285 0.024082
17 0.864679 0.635321 0.026377 0.048167
16 0.864679 0.635321 0.026377 0.048167