9 0.258339 0.388084 0.183169 0.322436
9 0.726437 0.481381 0.264578 0.494102
0 0.556836 0.365692 0.128896 0.155247
21 0.269094 0.573246 0.279589 0.090335
9 0.711480 0.482029 0.303362 0.476253
9 0.276853 0.379332 0.256693 0.342746
16 0.258493 0.636409 0.319472 0.167373
0 0.551344 0.371959 0.144522 0.184111
0 0.548651 0.347718 0.139545 0.129140
3 0.547783 0.636369 0.374226 0.193943
17 0.143054 0.573859 0.036421 0.099373
16 0.143054 0.573859 0.036421 0.099373
19 0.337223 0.426669 0.142499 0.075362
10 0.281679 0.403106 0.281354 0.363039
9 0.281679 0.403106 0.281354 0.363039
10 0.727220 0.482347 0.256430 0.476479
9 0.727220 0.482347 0.256430 0.476479