0 0.584663 0.335864 0.117666 0.126336
3 0.629147 0.745707 0.428574 0.142248
2 0.184246 0.795307 0.090246 0.073244
15 0.263265 0.622732 0.068699 0.046174
19 0.230837 0.465331 0.044023 0.069426
17 0.152807 0.516068 0.061118 0.162124
2 0.152807 0.516068 0.061118 0.162124
19 0.840688 0.574024 0.027102 0.022547
17 0.809686 0.337984 0.081441 0.148774
2 0.809686 0.337984 0.081441 0.148774
17 0.831765 0.428563 0.125669 0.330177
17 0.193369 0.500000 0.107237 0.159426
17 0.282623 0.595415 0.096126 0.110183
17 0.181581 0.797601 0.092849 0.078374
0 0.591359 0.353271 0.110015 0.147224
0 0.590483 0.361047 0.115615 0.160298
17 0.181106 0.797453 0.087968 0.073177
17 0.188892 0.496359 0.113732 0.146325
11 0.283026 0.590905 0.098954 0.122941
17 0.283026 0.590905 0.098954 0.122941
17 0.826445 0.432745 0.106021 0.334630
3 0.627024 0.711429 0.425600 0.148972