17 0.206688 0.588786 0.051223 0.040976
16 0.206688 0.588786 0.051223 0.040976
19 0.315729 0.439760 0.171175 0.039660
17 0.344742 0.251513 0.088760 0.084702
17 0.205531 0.586467 0.055385 0.059517
16 0.205531 0.586467 0.055385 0.059517
19 0.329018 0.442802 0.105168 0.030833
0 0.685189 0.344520 0.106819 0.150398
0 0.652643 0.331106 0.136693 0.144593
19 0.293439 0.444108 0.135176 0.037667
19 0.298625 0.533062 0.148777 0.031257
17 0.207168 0.582123 0.081598 0.053698
16 0.207168 0.582123 0.081598 0.053698