0 0.590429 0.332651 0.124507 0.138122
17 0.352283 0.151468 0.177867 0.084498
19 0.353777 0.219129 0.079577 0.104065
15 0.800121 0.702235 0.028557 0.027039
0 0.585455 0.348792 0.143565 0.159638
19 0.345855 0.259707 0.124665 0.164664
19 0.762735 0.270707 0.061320 0.077333
0 0.585467 0.345204 0.152810 0.162763
17 0.363199 0.166378 0.215320 0.084951
11 0.798981 0.704154 0.031339 0.023190
19 0.795175 0.294643 0.037790 0.027850
19 0.682961 0.282831 0.046518 0.043028
11 0.651280 0.204820 0.179793 0.141260
11 0.385919 0.180456 0.160484 0.168088