0 0.611019 0.272528 0.098672 0.077998
3 0.572491 0.644920 0.433976 0.203119
21 0.431802 0.482123 0.044850 0.105932
18 0.269585 0.660029 0.210920 0.115282
19 0.363832 0.497390 0.156962 0.119022
3 0.574281 0.642818 0.437410 0.224844
18 0.270243 0.650687 0.236401 0.132659
19 0.322335 0.528378 0.139803 0.159376
11 0.256679 0.472940 0.126343 0.224129
17 0.394389 0.106989 0.114372 0.064876
0 0.611535 0.272288 0.102881 0.082501
2 0.649980 0.286252 0.015885 0.026965
3 0.577548 0.633222 0.428914 0.236563
18 0.283551 0.648042 0.248512 0.125565
13 0.283551 0.648042 0.248512 0.125565
11 0.293626 0.558729 0.181629 0.113846
19 0.293626 0.558729 0.181629 0.113846