19 0.301426 0.403618 0.162730 0.090380
19 0.283038 0.293280 0.057920 0.036904
3 0.670094 0.552740 0.388894 0.093392
4 0.670094 0.552740 0.388894 0.093392
15 0.656377 0.323812 0.023467 0.021247
0 0.611606 0.256758 0.085742 0.043542
17 0.432643 0.138521 0.069103 0.012708
19 0.275255 0.289306 0.067303 0.044305
19 0.248214 0.377422 0.085331 0.094515
0 0.607563 0.298659 0.106963 0.120115
0 0.600935 0.272582 0.115913 0.076790
17 0.432829 0.133709 0.116803 0.029122
11 0.279413 0.290205 0.042393 0.033028
19 0.339043 0.390936 0.252628 0.148496
9 0.339043 0.390936 0.252628 0.148496
3 0.668729 0.568308 0.403441 0.099032