21 0.840037 0.552285 0.021419 0.018847
21 0.219960 0.496597 0.047122 0.034271
21 0.151420 0.472608 0.023561 0.025701
17 0.063157 0.811372 0.050353 0.043736
16 0.063157 0.811372 0.050353 0.043736
21 0.837969 0.551153 0.026701 0.029229
21 0.219648 0.497189 0.037942 0.038226
21 0.151493 0.472457 0.019674 0.024733
21 0.036260 0.542160 0.022484 0.020236
17 0.328479 0.149496 0.148482 0.020962
17 0.614872 0.162367 0.156758 0.031260
0 0.539251 0.343673 0.122279 0.086425
17 0.050336 0.816082 0.038326 0.085413
16 0.050336 0.816082 0.038326 0.085413
15 0.149232 0.472786 0.026691 0.024094
15 0.221436 0.497698 0.042433 0.034493
21 0.035280 0.542870 0.017794 0.022997
15 0.839106 0.551917 0.016910 0.022868