0 0.596729 0.363791 0.141617 0.101851
11 0.794250 0.502300 0.103585 0.081721
3 0.593135 0.749296 0.483383 0.160035
10 0.812530 0.551196 0.158868 0.188049
0 0.604350 0.368077 0.122027 0.111227
5 0.792747 0.481911 0.068965 0.060655
11 0.792747 0.481911 0.068965 0.060655
10 0.843414 0.586194 0.068965 0.062784
11 0.843414 0.586194 0.068965 0.062784
19 0.879303 0.504256 0.042221 0.015964
11 0.690731 0.169151 0.053970 0.025300
21 0.690731 0.169151 0.053970 0.025300
17 0.899789 0.867184 0.028454 0.037867
16 0.899789 0.867184 0.028454 0.037867