15 0.407174 0.281321 0.056947 0.050114
19 0.407174 0.281321 0.056947 0.050114
17 0.876994 0.739749 0.028473 0.033027
16 0.876994 0.739749 0.028473 0.033027
19 0.726681 0.332718 0.027953 0.023587
21 0.726681 0.332718 0.027953 0.023587
19 0.403792 0.287805 0.104870 0.072733
19 0.747565 0.341730 0.074811 0.047999
17 0.647712 0.114523 0.053158 0.040600
15 0.456200 0.145353 0.016989 0.023636
19 0.412035 0.288326 0.112533 0.073311
17 0.881320 0.741548 0.017594 0.026761
16 0.881320 0.741548 0.017594 0.026761
0 0.630596 0.294021 0.097871 0.098969
21 0.562389 0.257730 0.108867 0.333855