19 0.751417 0.288701 0.239128 0.181334
19 0.307038 0.337617 0.328710 0.257981
11 0.838839 0.334118 0.053746 0.046737
11 0.816252 0.465290 0.077114 0.057330
19 0.744340 0.360733 0.272318 0.317332
19 0.318209 0.343372 0.285639 0.275285
10 0.730961 0.314948 0.293511 0.259993
19 0.730961 0.314948 0.293511 0.259993
10 0.325229 0.341354 0.286399 0.273806
19 0.325229 0.341354 0.286399 0.273806
17 0.386510 0.192402 0.100720 0.028570
0 0.587975 0.335013 0.106419 0.107509
11 0.816124 0.459264 0.059644 0.045201