15 0.281806 0.508768 0.348845 0.611407
15 0.770760 0.423834 0.180209 0.190729
11 0.770760 0.423834 0.180209 0.190729
15 0.817424 0.709737 0.106795 0.117709
15 0.351119 0.562761 0.089188 0.083272
15 0.351354 0.340432 0.019819 0.017640
15 0.221113 0.484207 0.034920 0.021331
15 0.245887 0.531791 0.027842 0.021331
15 0.170799 0.744427 0.030941 0.030303
15 0.277759 0.684651 0.025378 0.022281
15 0.152662 0.675293 0.017175 0.016489
15 0.850304 0.740918 0.020508 0.014484
15 0.796731 0.661366 0.031787 0.026520
15 0.745399 0.368538 0.024140 0.020067
15 0.706306 0.372414 0.020465 0.017786
15 0.770488 0.500224 0.024550 0.018191
9 0.710382 0.647244 0.146795 0.200000
9 0.251834 0.652017 0.124516 0.150462
19 0.315106 0.428519 0.081005 0.038635
15 0.795572 0.658703 0.033539 0.026287
15 0.852202 0.740189 0.023643 0.014340
17 0.600952 0.198623 0.099097 0.019427
0 0.554886 0.378920 0.130469 0.119020
17 0.119812 0.827003 0.042063 0.055664
16 0.119812 0.827003 0.042063 0.055664
15 0.219869 0.483969 0.031541 0.022433
15 0.355165 0.563826 0.087515 0.078858
15 0.169463 0.744271 0.042690 0.031540
15 0.349330 0.691609 0.025740 0.021830
15 0.352783 0.665686 0.031390 0.023467
15 0.726952 0.369084 0.061523 0.034926
15 0.778430 0.495419 0.033899 0.031108
11 0.784983 0.423984 0.058384 0.047476