15 0.336823 0.283378 0.018275 0.013775
21 0.336823 0.283378 0.018275 0.013775
9 0.307549 0.608216 0.089063 0.157715
17 0.386213 0.168008 0.043447 0.018827
17 0.659990 0.171984 0.123438 0.029107
15 0.335524 0.283631 0.016712 0.019350
19 0.423478 0.167531 0.067725 0.022868
17 0.423478 0.167531 0.067725 0.022868
17 0.688662 0.180724 0.079160 0.036941
11 0.315051 0.524580 0.062267 0.045195
21 0.315051 0.524580 0.062267 0.045195
11 0.308524 0.619487 0.065282 0.052223
21 0.308524 0.619487 0.065282 0.052223