17 0.168926 0.787846 0.050396 0.041284
16 0.168926 0.787846 0.050396 0.041284
17 0.814275 0.826834 0.036401 0.071100
16 0.814275 0.826834 0.036401 0.071100
0 0.544097 0.373280 0.111992 0.088304
0 0.545786 0.372389 0.104199 0.090534
3 0.526075 0.676502 0.384256 0.138276
17 0.338126 0.245305 0.101835 0.017528
17 0.621443 0.244656 0.110552 0.020125
0 0.545561 0.367681 0.115705 0.079854
3 0.526295 0.688734 0.379421 0.138860
17 0.159012 0.793538 0.028932 0.041900
16 0.159012 0.793538 0.028932 0.041900
21 0.252782 0.741480 0.160675 0.044440