3 0.546113 0.588082 0.501797 0.115601
19 0.147195 0.537028 0.105165 0.027273
19 0.157372 0.629420 0.072598 0.143039
17 0.101736 0.668101 0.029175 0.131353
2 0.101736 0.668101 0.029175 0.131353
21 0.573116 0.333618 0.118187 0.127609
21 0.386746 0.365935 0.111113 0.243618
0 0.565724 0.341464 0.147097 0.138640
3 0.553205 0.566110 0.522665 0.133505
17 0.568235 0.156608 0.109925 0.026025
0 0.535317 0.334038 0.187761 0.144401
3 0.559932 0.583967 0.525920 0.121059
19 0.146467 0.591350 0.111279 0.124738
17 0.106435 0.691105 0.023647 0.084059
2 0.106435 0.691105 0.023647 0.084059