17 0.129451 0.681092 0.061988 0.072894
16 0.129451 0.681092 0.061988 0.072894
17 0.788587 0.650342 0.220402 0.266517
16 0.788587 0.650342 0.220402 0.266517
5 0.729354 0.283599 0.292031 0.357632
10 0.729354 0.283599 0.292031 0.357632
19 0.729354 0.283599 0.292031 0.357632
5 0.218989 0.398064 0.219023 0.365604
10 0.218989 0.398064 0.219023 0.365604
19 0.218989 0.398064 0.219023 0.365604
16 0.139684 0.684933 0.054387 0.076449
16 0.798451 0.662450 0.188996 0.116917
10 0.205661 0.433456 0.156298 0.468368
10 0.732073 0.301407 0.321752 0.357837
16 0.834911 0.649157 0.123925 0.164720
16 0.136067 0.684826 0.078434 0.067445
10 0.724321 0.281453 0.301185 0.355382
11 0.724321 0.281453 0.301185 0.355382
10 0.211364 0.422179 0.172554 0.330740