21 0.898208 0.514908 0.048333 0.323186
21 0.550036 0.063508 0.687394 0.094073
19 0.837408 0.643699 0.043610 0.118427
10 0.279823 0.647115 0.155843 0.186538
0 0.564561 0.341929 0.094879 0.077383
17 0.097348 0.825952 0.044752 0.037932
16 0.097348 0.825952 0.044752 0.037932
21 0.771849 0.058408 0.310468 0.093710
21 0.329623 0.048780 0.137819 0.092426
21 0.921024 0.469190 0.118126 0.430037
11 0.209221 0.712452 0.287750 0.284983
21 0.846816 0.377407 0.302896 0.225930
19 0.834239 0.644083 0.029348 0.127484
21 0.524353 0.067087 0.556064 0.131881
21 0.858532 0.389335 0.158296 0.636469
19 0.838914 0.642774 0.024353 0.136467
21 0.631520 0.176107 0.117300 0.145626
11 0.103661 0.826905 0.094789 0.085367
17 0.103661 0.826905 0.094789 0.085367
16 0.103661 0.826905 0.094789 0.085367
21 0.618184 0.789392 0.169938 0.044522