17 0.620185 0.164142 0.165854 0.113747
17 0.374906 0.157690 0.078929 0.034889
0 0.548311 0.350858 0.117507 0.101038
15 0.769087 0.304600 0.030187 0.029718
15 0.738461 0.294973 0.025813 0.015486
15 0.755085 0.351687 0.024061 0.025112
15 0.771155 0.575937 0.016092 0.017960
15 0.825037 0.692153 0.013225 0.013215
15 0.795798 0.770731 0.009405 0.009557
15 0.286610 0.333621 0.022039 0.022208
15 0.252670 0.303962 0.021745 0.021929
15 0.741236 0.294037 0.020895 0.019691
15 0.772111 0.305821 0.025881 0.021779
15 0.755895 0.351917 0.025884 0.025656
15 0.795811 0.395774 0.016527 0.014322
17 0.614811 0.147793 0.138874 0.040199
15 0.243763 0.439372 0.033116 0.032366
15 0.253386 0.304055 0.020050 0.019183
15 0.772437 0.576832 0.014058 0.017335
15 0.736310 0.297267 0.016667 0.020501
15 0.759524 0.351367 0.022619 0.030752
15 0.772024 0.306378 0.023810 0.027335
15 0.794048 0.396925 0.020238 0.017084
15 0.770833 0.574601 0.014286 0.021640
15 0.254167 0.300683 0.023810 0.025057
15 0.233929 0.435649 0.023810 0.030752
21 0.233929 0.435649 0.023810 0.030752
15 0.287301 0.331698 0.018391 0.018362