0 0.538571 0.249431 0.103315 0.107062
8 0.348475 0.369590 0.084028 0.078587
3 0.562677 0.530182 0.484882 0.112754
11 0.771368 0.494305 0.133618 0.127562
10 0.280288 0.473234 0.239685 0.176540
11 0.280288 0.473234 0.239685 0.176540
17 0.197638 0.567767 0.123976 0.058086
16 0.197638 0.567767 0.123976 0.058086
17 0.830600 0.561504 0.081272 0.082005
16 0.830600 0.561504 0.081272 0.082005
6 0.508954 0.455011 0.754872 0.367881
17 0.196473 0.580229 0.069865 0.061618
16 0.196473 0.580229 0.069865 0.061618
0 0.548823 0.250416 0.095260 0.102393
11 0.707789 0.436989 0.239343 0.237278
11 0.310668 0.436496 0.238152 0.257951
0 0.538280 0.241471 0.115307 0.088486
3 0.562229 0.495389 0.452660 0.103174
17 0.198638 0.585399 0.043889 0.052653
16 0.198638 0.585399 0.043889 0.052653
10 0.746181 0.487463 0.178213 0.137301
11 0.746181 0.487463 0.178213 0.137301
10 0.302508 0.432728 0.244606 0.306152
11 0.302508 0.432728 0.244606 0.306152