0 0.610276 0.333158 0.110274 0.127612
3 0.599578 0.644461 0.342940 0.170882
0 0.616125 0.347886 0.114358 0.144612
21 0.795634 0.610993 0.044063 0.063736
21 0.897575 0.397663 0.027482 0.045817
21 0.800223 0.369902 0.021892 0.021562
21 0.776465 0.498461 0.023756 0.027490
21 0.374244 0.382032 0.040060 0.019944
21 0.251040 0.444019 0.025619 0.044740
21 0.272700 0.544008 0.020495 0.023716
21 0.168127 0.345378 0.018166 0.023180
21 0.160441 0.397124 0.020495 0.031802
0 0.608758 0.330297 0.112202 0.120731
15 0.272254 0.543987 0.019833 0.023716
21 0.162513 0.371860 0.026444 0.075736
15 0.776661 0.495633 0.021136 0.033196
15 0.436607 0.242872 0.023401 0.035815
21 0.436607 0.242872 0.023401 0.035815
15 0.392069 0.186529 0.032458 0.024459
21 0.392069 0.186529 0.032458 0.024459
15 0.324886 0.583114 0.018873 0.015723
21 0.324886 0.583114 0.018873 0.015723
2 0.707232 0.548452 0.067434 0.117044