16 0.693385 0.397069 0.360210 0.663491
11 0.720773 0.321538 0.179276 0.154025
14 0.355583 0.376337 0.358553 0.598330
16 0.688261 0.392997 0.350354 0.635539
14 0.353923 0.283032 0.272234 0.562784
18 0.628786 0.196055 0.198500 0.229335
18 0.725409 0.313755 0.175630 0.155882
16 0.726182 0.474238 0.282667 0.439479
16 0.710081 0.161921 0.243307 0.210694
1 0.309336 0.489668 0.319642 0.342644
5 0.309336 0.489668 0.319642 0.342644
14 0.463194 0.222043 0.169363 0.237297
17 0.363008 0.080516 0.202758 0.084065