17 0.802399 0.512824 0.045189 0.070798
16 0.802399 0.512824 0.045189 0.070798
15 0.292513 0.488364 0.023745 0.023747
21 0.292513 0.488364 0.023745 0.023747
0 0.586921 0.253148 0.075540 0.099868
3 0.580519 0.502817 0.329053 0.097308
16 0.807642 0.536566 0.056572 0.063053
0 0.583657 0.250973 0.107653 0.105058
11 0.751979 0.511097 0.110404 0.048021
0 0.580345 0.247916 0.095410 0.088380
16 0.781711 0.518078 0.128551 0.124534
19 0.291255 0.488062 0.019257 0.016175
21 0.291255 0.488062 0.019257 0.016175