21 0.430156 0.384000 0.094743 0.378627
0 0.546766 0.309179 0.099602 0.096414
3 0.592921 0.636084 0.429992 0.091393
11 0.247887 0.475373 0.173394 0.334228
19 0.247887 0.475373 0.173394 0.334228
21 0.247887 0.475373 0.173394 0.334228
11 0.708622 0.617609 0.221268 0.180335
19 0.220445 0.446377 0.184699 0.066621
19 0.213310 0.324391 0.118365 0.062494
19 0.322713 0.322381 0.050480 0.043981
0 0.540008 0.307101 0.107551 0.084515
11 0.200911 0.330619 0.087108 0.058059
19 0.243131 0.437550 0.123551 0.054385