3 0.580992 0.639687 0.478930 0.164310
0 0.595402 0.324619 0.094394 0.078047
17 0.140504 0.734082 0.049231 0.046061
16 0.140504 0.734082 0.049231 0.046061
17 0.856937 0.733011 0.033685 0.037493
16 0.856937 0.733011 0.033685 0.037493
15 0.801305 0.679482 0.016768 0.013861
15 0.852364 0.689250 0.016768 0.010713
3 0.575299 0.648909 0.479741 0.114251
0 0.586167 0.342747 0.116445 0.130938
17 0.147471 0.728643 0.048404 0.048327
16 0.147471 0.728643 0.048404 0.048327
0 0.586264 0.325150 0.118307 0.098632
3 0.580130 0.658397 0.490969 0.117380
17 0.137104 0.720487 0.101545 0.114118
16 0.137104 0.720487 0.101545 0.114118
15 0.801000 0.678016 0.019866 0.015459
15 0.853390 0.689450 0.011685 0.012559