0 0.514002 0.366840 0.143676 0.138647
17 0.156029 0.792254 0.043834 0.041892
16 0.156029 0.792254 0.043834 0.041892
11 0.283268 0.225700 0.130283 0.055858
17 0.283268 0.225700 0.130283 0.055858
19 0.653416 0.288540 0.174116 0.181537
1 0.255872 0.352377 0.228908 0.279287
10 0.255872 0.352377 0.228908 0.279287
19 0.255872 0.352377 0.228908 0.279287
14 0.415986 0.255125 0.076708 0.270310
21 0.415270 0.310473 0.123790 0.285518
19 0.635041 0.302160 0.207397 0.172922
17 0.290278 0.232694 0.135809 0.082702
19 0.250011 0.496031 0.180289 0.386987
17 0.162406 0.788924 0.043915 0.041600
0 0.515485 0.363744 0.138933 0.155656
2 0.296042 0.348080 0.022261 0.019238
2 0.483890 0.390324 0.021039 0.020040
2 0.511287 0.385615 0.018101 0.013827
2 0.560791 0.628624 0.028018 0.028008
21 0.402268 0.310628 0.115486 0.262457
0 0.513279 0.382438 0.158452 0.167268
17 0.286091 0.233759 0.146381 0.069182
19 0.647605 0.316239 0.166392 0.183746
19 0.261157 0.377409 0.194121 0.231718
17 0.160908 0.780614 0.040073 0.079580
2 0.561257 0.630002 0.029585 0.026476
2 0.570571 0.708092 0.032871 0.039944
19 0.253369 0.610300 0.098722 0.173192