3 0.595403 0.553911 0.384997 0.088473
0 0.619368 0.271021 0.107088 0.110112
21 0.598828 0.423618 0.110627 0.156012
20 0.299186 0.386916 0.032174 0.049723
20 0.820815 0.371364 0.041922 0.053887
20 0.353557 0.385373 0.041377 0.039678
20 0.295421 0.389652 0.030206 0.034232
20 0.822491 0.369403 0.036853 0.042640
10 0.805557 0.466558 0.179924 0.184248
17 0.628727 0.105436 0.102296 0.078256
20 0.351955 0.386567 0.029497 0.026898
20 0.295026 0.390449 0.023598 0.031335
0 0.616288 0.280345 0.130879 0.116913