0 0.551121 0.341208 0.100479 0.102597
17 0.382145 0.193988 0.085575 0.033903
17 0.595415 0.190430 0.088268 0.043530
17 0.127744 0.840713 0.051030 0.083690
16 0.127744 0.840713 0.051030 0.083690
17 0.133970 0.838358 0.068707 0.062675
16 0.133970 0.838358 0.068707 0.062675
19 0.169132 0.492892 0.050116 0.034734
19 0.347931 0.269263 0.077459 0.124502
17 0.136060 0.822959 0.072902 0.072357
16 0.136060 0.822959 0.072902 0.072357
15 0.412199 0.370642 0.073388 0.122420
11 0.412199 0.370642 0.073388 0.122420
21 0.412199 0.370642 0.073388 0.122420