10 0.731748 0.629710 0.123981 0.131917
19 0.307748 0.282647 0.087889 0.095059
17 0.233884 0.225612 0.068255 0.036083
21 0.189439 0.582161 0.075321 0.118244
20 0.180085 0.598802 0.068028 0.080872
19 0.718924 0.591870 0.095182 0.071975
19 0.275956 0.307969 0.178343 0.166324
21 0.185816 0.548481 0.071573 0.062021
4 0.176869 0.622732 0.064205 0.032322
10 0.263178 0.268950 0.167354 0.128410
19 0.263178 0.268950 0.167354 0.128410
21 0.727681 0.596009 0.109692 0.080326
9 0.727681 0.596009 0.109692 0.080326