16 0.239734 0.590602 0.248287 0.230865
11 0.351151 0.415445 0.089968 0.140437
17 0.338501 0.167266 0.159883 0.067319
17 0.713806 0.152905 0.095929 0.061934
3 0.549602 0.581594 0.453955 0.109104
16 0.275353 0.550594 0.286944 0.132146
17 0.313171 0.162926 0.090028 0.044633
17 0.709735 0.154557 0.089392 0.054270
17 0.348384 0.165702 0.164885 0.044448
17 0.661428 0.152797 0.170859 0.044448
0 0.566141 0.328197 0.114106 0.100842
19 0.313178 0.448142 0.164354 0.198160
16 0.267611 0.550339 0.267952 0.159524
3 0.549468 0.570929 0.439753 0.130809