10 0.700890 0.431821 0.162028 0.438949
19 0.700890 0.431821 0.162028 0.438949
17 0.647559 0.171443 0.143385 0.075689
10 0.348829 0.402508 0.173072 0.412295
19 0.348829 0.402508 0.173072 0.412295
17 0.633890 0.173799 0.159909 0.078177
10 0.696320 0.441885 0.180296 0.457330
9 0.696320 0.441885 0.180296 0.457330
10 0.359032 0.258624 0.135477 0.107049
19 0.359032 0.258624 0.135477 0.107049
9 0.336022 0.481626 0.149448 0.291585
19 0.342506 0.248849 0.107169 0.108102
19 0.308492 0.463656 0.074553 0.252546
1 0.661221 0.366736 0.146309 0.319646
10 0.661221 0.366736 0.146309 0.319646
19 0.661221 0.366736 0.146309 0.319646