21 0.052037 0.598094 0.091554 0.448618
18 0.203504 0.669552 0.261355 0.109812
19 0.228212 0.594439 0.178996 0.131774
16 0.097534 0.744226 0.095537 0.094000
18 0.222459 0.670319 0.327428 0.128160
16 0.216001 0.757981 0.329805 0.048371
21 0.058428 0.580619 0.087948 0.467589
0 0.526988 0.364079 0.114479 0.089126
18 0.210320 0.662168 0.282741 0.134608
13 0.210320 0.662168 0.282741 0.134608
19 0.260409 0.589563 0.248960 0.120958
17 0.076821 0.734969 0.056855 0.102646
16 0.076821 0.734969 0.056855 0.102646
21 0.043617 0.639002 0.073229 0.408719