19 0.301614 0.309010 0.168407 0.232501
2 0.301614 0.309010 0.168407 0.232501
19 0.723539 0.412137 0.161166 0.376152
2 0.723539 0.412137 0.161166 0.376152
19 0.375504 0.612532 0.075196 0.084624
2 0.375504 0.612532 0.075196 0.084624
19 0.725879 0.322373 0.176949 0.216054
2 0.725879 0.322373 0.176949 0.216054
2 0.728733 0.515775 0.022833 0.031361
2 0.379927 0.601364 0.061667 0.051117
19 0.321985 0.294676 0.224332 0.262389
2 0.321985 0.294676 0.224332 0.262389
17 0.604979 0.152017 0.121131 0.026258
17 0.355988 0.140764 0.139272 0.040012
19 0.324095 0.307065 0.252208 0.247576
17 0.324095 0.307065 0.252208 0.247576
2 0.324095 0.307065 0.252208 0.247576
19 0.711706 0.317344 0.039046 0.090146
15 0.746432 0.296589 0.016882 0.018680
15 0.769644 0.352468 0.019293 0.020291
15 0.756682 0.413500 0.013866 0.014171
15 0.699309 0.233527 0.006540 0.007355
19 0.726977 0.245816 0.067212 0.050391
15 0.736605 0.392999 0.011004 0.034854
15 0.788096 0.377463 0.014937 0.013856
15 0.731418 0.517006 0.019262 0.029814
15 0.381172 0.606071 0.056597 0.046192