15 0.693672 0.496656 0.213655 0.452994
15 0.197947 0.506338 0.253651 0.448783
0 0.490540 0.359409 0.078937 0.069042
15 0.639674 0.291717 0.019019 0.015216
15 0.617485 0.324983 0.022374 0.016708
15 0.673479 0.384839 0.017990 0.015170
15 0.679846 0.452859 0.014371 0.012281
15 0.575067 0.349503 0.016011 0.015445
15 0.627834 0.504573 0.017535 0.013625
15 0.725577 0.668806 0.017448 0.013729
15 0.158666 0.538318 0.046843 0.038837
15 0.245942 0.480224 0.020512 0.018795
15 0.164821 0.666780 0.024026 0.016705
17 0.542860 0.193910 0.116554 0.033011
17 0.290646 0.207473 0.145390 0.029175
15 0.673891 0.493133 0.247626 0.439269
15 0.220623 0.490550 0.236862 0.306629