18 0.299026 0.234958 0.264322 0.123434
1 0.234733 0.646891 0.335397 0.195219
21 0.234733 0.646891 0.335397 0.195219
18 0.297279 0.236294 0.251995 0.112710
10 0.318195 0.354845 0.087346 0.051774
10 0.212744 0.506076 0.118482 0.064014
21 0.284202 0.604345 0.343628 0.190601
17 0.554308 0.210340 0.029822 0.029717
18 0.302418 0.238443 0.253839 0.114732
17 0.089097 0.697502 0.028651 0.050205
16 0.089097 0.697502 0.028651 0.050205
21 0.204381 0.641564 0.133704 0.052934
11 0.301930 0.352328 0.100960 0.071489
19 0.301930 0.352328 0.100960 0.071489