0 0.587919 0.332211 0.108684 0.134632
19 0.367455 0.224808 0.020672 0.100948
15 0.771898 0.301920 0.083239 0.130674
19 0.771898 0.301920 0.083239 0.130674
19 0.679935 0.226096 0.090714 0.091623
0 0.589942 0.349873 0.114180 0.147455
2 0.772618 0.294441 0.064478 0.126822
19 0.366747 0.270071 0.021396 0.184582
17 0.674171 0.212234 0.199714 0.076160
0 0.581638 0.345411 0.138568 0.130614
19 0.364976 0.226382 0.038974 0.095369
15 0.775156 0.283404 0.049866 0.033554
21 0.775156 0.283404 0.049866 0.033554
15 0.783416 0.344411 0.035839 0.030225
21 0.783416 0.344411 0.035839 0.030225
15 0.749756 0.242225 0.043321 0.027730
21 0.749756 0.242225 0.043321 0.027730