0 0.609280 0.341927 0.105701 0.082488
17 0.191106 0.534015 0.083137 0.267100
2 0.191106 0.534015 0.083137 0.267100
2 0.294547 0.448472 0.276725 0.452697
21 0.294547 0.448472 0.276725 0.452697
17 0.127086 0.696424 0.046319 0.049098
16 0.127086 0.696424 0.046319 0.049098
2 0.364401 0.198963 0.017630 0.025790
19 0.291655 0.568097 0.073391 0.073213
19 0.308923 0.419536 0.113189 0.134105
19 0.332725 0.622865 0.127526 0.060254
11 0.291287 0.410658 0.358285 0.506893
17 0.137896 0.690680 0.066087 0.061471
16 0.137896 0.690680 0.066087 0.061471
17 0.273754 0.429112 0.276256 0.442062
17 0.132950 0.693740 0.070751 0.087747
16 0.132950 0.693740 0.070751 0.087747
19 0.284524 0.426142 0.292339 0.465469
17 0.284524 0.426142 0.292339 0.465469