5 0.662554 0.452808 0.116582 0.052936
11 0.662554 0.452808 0.116582 0.052936
17 0.677209 0.679558 0.037974 0.018556
15 0.743977 0.666952 0.042407 0.030552
19 0.233617 0.382279 0.128813 0.069707
0 0.537051 0.293843 0.092939 0.076847
15 0.668408 0.453880 0.116856 0.059616
21 0.668408 0.453880 0.116856 0.059616
15 0.667986 0.453124 0.112339 0.047784
11 0.667986 0.453124 0.112339 0.047784
0 0.534579 0.300034 0.093977 0.102650
17 0.679949 0.678034 0.032651 0.017236
19 0.235904 0.377575 0.100853 0.064194