0 0.471920 0.308087 0.181324 0.123235
3 0.530488 0.505776 0.462132 0.123233
20 0.128212 0.357703 0.061383 0.050782
20 0.079036 0.466519 0.052316 0.063059
17 0.218095 0.174927 0.191171 0.082025
19 0.152024 0.523344 0.113901 0.039049
17 0.072293 0.540592 0.043933 0.121712
19 0.749922 0.429752 0.078950 0.022844
0 0.474061 0.315176 0.175099 0.140079
3 0.542154 0.508432 0.483140 0.093385
20 0.129276 0.356403 0.055598 0.052353
20 0.080339 0.461344 0.033011 0.065792
3 0.524960 0.509307 0.440896 0.072399
0 0.455925 0.284219 0.138072 0.078897
19 0.754638 0.426870 0.083841 0.020760
19 0.783583 0.471785 0.036931 0.017965
20 0.085057 0.454580 0.036176 0.048042
20 0.129916 0.356761 0.049199 0.049201
19 0.172903 0.517530 0.147474 0.040969