11 0.338301 0.488796 0.137363 0.072428
17 0.241523 0.542490 0.051199 0.117383
16 0.241523 0.542490 0.051199 0.117383
0 0.554336 0.327706 0.104896 0.177322
19 0.296536 0.396815 0.110919 0.063910
0 0.547259 0.297675 0.122083 0.118146
5 0.323681 0.527938 0.216720 0.189535
11 0.323681 0.527938 0.216720 0.189535
17 0.285200 0.405949 0.112777 0.067725
3 0.549712 0.536587 0.315791 0.129652
17 0.428704 0.140454 0.043659 0.023755
0 0.551657 0.303183 0.111875 0.125516
3 0.541447 0.555059 0.334424 0.128079
19 0.338166 0.450918 0.111232 0.092943
11 0.309873 0.507952 0.191550 0.094408