18 0.308432 0.236581 0.222774 0.280414
14 0.459132 0.210470 0.142638 0.236573
11 0.199366 0.372824 0.219178 0.305226
16 0.190669 0.575535 0.248169 0.129882
16 0.255791 0.572943 0.311394 0.105788
14 0.436735 0.268075 0.101503 0.220245
18 0.330367 0.163514 0.197442 0.109010
5 0.241379 0.391545 0.152948 0.137930
16 0.226656 0.580873 0.279330 0.126628
18 0.294493 0.164272 0.244746 0.119181
10 0.220005 0.329742 0.274009 0.371376
11 0.220005 0.329742 0.274009 0.371376
19 0.220005 0.329742 0.274009 0.371376