0 0.494578 0.292570 0.101476 0.079533
17 0.792359 0.738625 0.049533 0.053661
16 0.792359 0.738625 0.049533 0.053661
21 0.440821 0.646155 0.189662 0.363167
3 0.518739 0.684007 0.396237 0.162897
3 0.526394 0.662062 0.420354 0.154309
17 0.798159 0.753173 0.035190 0.057380
17 0.155406 0.826451 0.043991 0.045748
0 0.494254 0.307785 0.110082 0.104251
7 0.648890 0.435172 0.326910 0.613606
7 0.225688 0.452503 0.270266 0.676507
17 0.228554 0.147919 0.101100 0.052730
17 0.157231 0.825718 0.066477 0.050532
16 0.157231 0.825718 0.066477 0.050532
17 0.791527 0.743328 0.058171 0.087882
16 0.791527 0.743328 0.058171 0.087882
17 0.621182 0.141877 0.108025 0.045040
0 0.487537 0.307207 0.120491 0.090080
21 0.383666 0.465946 0.126029 0.431727