15 0.817660 0.537879 0.147695 0.200375
19 0.817660 0.537879 0.147695 0.200375
15 0.804791 0.345221 0.018538 0.025818
19 0.284387 0.348004 0.195903 0.148933
17 0.337505 0.212936 0.223223 0.085367
19 0.814767 0.514916 0.165827 0.249025
17 0.324327 0.244793 0.291738 0.103761
19 0.308520 0.360380 0.213156 0.200656
11 0.328945 0.224323 0.304929 0.110658
17 0.328945 0.224323 0.304929 0.110658
19 0.300081 0.391249 0.297529 0.284463
15 0.784342 0.532998 0.224218 0.218654
15 0.293439 0.761691 0.142479 0.108844
19 0.334025 0.728365 0.084011 0.138095
17 0.622280 0.231046 0.106853 0.054719
0 0.567652 0.373582 0.123786 0.110861