10 0.238636 0.476720 0.406331 0.535449
11 0.238636 0.476720 0.406331 0.535449
9 0.238636 0.476720 0.406331 0.535449
0 0.582676 0.413887 0.142270 0.150892
10 0.239713 0.485342 0.380461 0.504407
11 0.239713 0.485342 0.380461 0.504407
9 0.239713 0.485342 0.380461 0.504407
0 0.592292 0.410844 0.124219 0.119806
10 0.255387 0.477274 0.407220 0.585661
9 0.255387 0.477274 0.407220 0.585661
11 0.591921 0.269990 0.133173 0.142840
17 0.591921 0.269990 0.133173 0.142840
0 0.577565 0.403144 0.151267 0.146657