16 0.361618 0.529043 0.225514 0.276764
18 0.369590 0.362756 0.134395 0.053532
21 0.369590 0.362756 0.134395 0.053532
17 0.279043 0.344534 0.053531 0.158315
18 0.399772 0.160023 0.117311 0.099089
11 0.384965 0.265376 0.222094 0.271071
14 0.482347 0.237472 0.116172 0.370160
19 0.706151 0.334851 0.089977 0.200454
17 0.756834 0.718680 0.045557 0.050114
16 0.756834 0.718680 0.045557 0.050114
17 0.648633 0.164579 0.113893 0.042141
9 0.692479 0.445358 0.162451 0.508028
17 0.643537 0.163475 0.129840 0.053763
14 0.463099 0.273819 0.156309 0.323190
16 0.326091 0.547194 0.195753 0.175482
5 0.370193 0.291442 0.219555 0.333762
11 0.370193 0.291442 0.219555 0.333762
19 0.355424 0.219570 0.132914 0.146698
18 0.399517 0.167396 0.115120 0.085069
14 0.463989 0.233181 0.106006 0.169797
16 0.370348 0.422112 0.220664 0.484174
11 0.351603 0.302140 0.159607 0.209952