0 0.616478 0.342091 0.152895 0.156130
11 0.334078 0.347848 0.152892 0.101450
16 0.316577 0.483560 0.239216 0.439032
3 0.643154 0.601292 0.449117 0.203569
11 0.415161 0.163707 0.164617 0.049148
0 0.620347 0.347241 0.154045 0.160463
3 0.633646 0.596569 0.452673 0.180208
16 0.271508 0.514226 0.144424 0.324201
11 0.371204 0.410759 0.229571 0.213836
17 0.408323 0.187364 0.183857 0.048184
16 0.270212 0.482269 0.164198 0.317079
0 0.619870 0.335721 0.168932 0.137572
11 0.470519 0.349488 0.007756 0.010552