10 0.705994 0.273753 0.222179 0.207870
16 0.779373 0.512255 0.191489 0.131587
16 0.202095 0.560240 0.299829 0.279986
10 0.244780 0.264044 0.336094 0.338016
19 0.173081 0.324809 0.144982 0.020335
19 0.149546 0.385061 0.071549 0.020337
5 0.228935 0.225809 0.287771 0.209523
16 0.788503 0.498182 0.188307 0.182122
16 0.154023 0.493686 0.223438 0.224844
10 0.278984 0.432870 0.246357 0.251455
10 0.707513 0.332815 0.233142 0.314126
5 0.764599 0.249924 0.113225 0.099440
10 0.760178 0.265482 0.146215 0.154817
11 0.760178 0.265482 0.146215 0.154817
16 0.784546 0.494840 0.203555 0.159403
16 0.211153 0.470756 0.318234 0.262613
10 0.211153 0.461009 0.212156 0.137615
11 0.211153 0.461009 0.212156 0.137615
5 0.244123 0.246559 0.344037 0.259173
11 0.244123 0.246559 0.344037 0.259173