21 0.054557 0.620693 0.077618 0.487788
11 0.269770 0.501495 0.276601 0.422995
21 0.687455 0.102696 0.105210 0.189987
21 0.325142 0.109114 0.168930 0.187420
21 0.056927 0.652760 0.071129 0.391530
21 0.200667 0.567393 0.355645 0.308087
0 0.578419 0.404499 0.122746 0.142761
5 0.319562 0.608737 0.122033 0.115532
21 0.494389 0.102673 0.523178 0.188335
21 0.051862 0.680439 0.078547 0.490887
21 0.189319 0.515189 0.235641 0.464157
5 0.328178 0.616038 0.143066 0.128798
11 0.328178 0.616038 0.143066 0.128798
0 0.577145 0.386999 0.127640 0.127583