10 0.766586 0.443031 0.295674 0.477845
11 0.766586 0.443031 0.295674 0.477845
16 0.260260 0.441212 0.321717 0.493613
11 0.257197 0.382997 0.229799 0.275306
16 0.258449 0.557063 0.355448 0.224766
11 0.776789 0.515581 0.246036 0.258076
11 0.289640 0.332493 0.290322 0.287292
5 0.214599 0.356840 0.132859 0.213278
5 0.250115 0.539565 0.307101 0.239678
16 0.250115 0.539565 0.307101 0.239678
5 0.268947 0.323395 0.281027 0.286698
11 0.268947 0.323395 0.281027 0.286698
19 0.268947 0.323395 0.281027 0.286698
10 0.763644 0.454128 0.215843 0.366972
11 0.763644 0.454128 0.215843 0.366972
19 0.763644 0.454128 0.215843 0.366972