19 0.745301 0.271094 0.248128 0.281517
19 0.315534 0.274188 0.243266 0.267596
21 0.343105 0.514714 0.124878 0.074247
11 0.832065 0.696079 0.082711 0.075021
11 0.831480 0.715539 0.144590 0.148117
21 0.264911 0.731883 0.270967 0.137903
10 0.763962 0.304675 0.179980 0.222344
19 0.763962 0.304675 0.179980 0.222344
10 0.316573 0.283786 0.251983 0.236330
19 0.316573 0.283786 0.251983 0.236330
19 0.365749 0.227421 0.192340 0.152761
5 0.338221 0.515894 0.147294 0.128211
19 0.742894 0.216834 0.194031 0.209905
19 0.853383 0.724463 0.140130 0.157644