15 0.767254 0.566457 0.023271 0.033779
3 0.595721 0.578467 0.307783 0.090833
0 0.578081 0.286824 0.071318 0.082576
11 0.315207 0.381270 0.082692 0.042858
17 0.411050 0.152717 0.069691 0.034186
17 0.796348 0.647528 0.033431 0.069430
3 0.597560 0.551991 0.302952 0.112966
0 0.570602 0.301028 0.087292 0.116818
17 0.402170 0.159241 0.083538 0.030730
17 0.412492 0.156892 0.072230 0.028249
0 0.570104 0.293326 0.085039 0.103368
2 0.580368 0.307805 0.026393 0.042887
19 0.667791 0.262902 0.026761 0.042520
19 0.781294 0.613423 0.023460 0.017594
3 0.595312 0.576737 0.319303 0.109684
11 0.328079 0.382153 0.074154 0.054216