15 0.783857 0.353430 0.135291 0.092081
19 0.783857 0.353430 0.135291 0.092081
15 0.792004 0.242077 0.015029 0.011217
19 0.664845 0.208148 0.123860 0.125349
19 0.656989 0.204128 0.124485 0.160550
19 0.805813 0.356319 0.089480 0.095787
21 0.805813 0.356319 0.089480 0.095787
17 0.871410 0.917528 0.062028 0.056321
16 0.871410 0.917528 0.062028 0.056321
17 0.087239 0.902223 0.041350 0.052650
16 0.087239 0.902223 0.041350 0.052650
17 0.358479 0.134328 0.051253 0.021607
11 0.238599 0.196990 0.030404 0.028810