17 0.159537 0.887388 0.043991 0.053400
16 0.159537 0.887388 0.043991 0.053400
9 0.782883 0.636788 0.165100 0.497817
9 0.222091 0.600092 0.162371 0.461122
17 0.328501 0.145181 0.097318 0.050720
17 0.150528 0.885257 0.049055 0.060355
16 0.150528 0.885257 0.049055 0.060355
17 0.146276 0.884749 0.051172 0.044726
16 0.146276 0.884749 0.051172 0.044726
17 0.857562 0.915137 0.028143 0.045872
16 0.857562 0.915137 0.028143 0.045872
21 0.768886 0.689314 0.182620 0.340466
9 0.768886 0.689314 0.182620 0.340466
21 0.268086 0.632569 0.196064 0.315355
9 0.268086 0.632569 0.196064 0.315355