0 0.582698 0.352767 0.115298 0.100665
17 0.065385 0.647922 0.051579 0.069596
16 0.065385 0.647922 0.051579 0.069596
19 0.320832 0.553402 0.075629 0.076252
17 0.913523 0.698072 0.061138 0.063832
16 0.913523 0.698072 0.061138 0.063832
17 0.064924 0.658196 0.047932 0.052856
16 0.064924 0.658196 0.047932 0.052856
10 0.345813 0.532372 0.194872 0.147272
19 0.313187 0.561124 0.063139 0.063976
0 0.592036 0.353796 0.100889 0.087192
17 0.908572 0.711192 0.088696 0.099000
16 0.908572 0.711192 0.088696 0.099000
3 0.628069 0.614010 0.472310 0.164396