21 0.874736 0.401155 0.133675 0.606841
21 0.503572 0.069289 0.452223 0.078564
21 0.106809 0.402508 0.119455 0.560784
18 0.724197 0.339308 0.153921 0.329077
16 0.682790 0.566394 0.246777 0.133066
11 0.623396 0.345284 0.173159 0.301189
21 0.351877 0.512576 0.203917 0.252025
21 0.094343 0.520539 0.107816 0.740693
21 0.880052 0.428755 0.218330 0.513480
21 0.728807 0.062357 0.304922 0.120115
21 0.356182 0.045619 0.175720 0.086640
3 0.431120 0.536270 0.358465 0.220933
16 0.663584 0.581214 0.266677 0.175251
18 0.673928 0.314687 0.256061 0.368421
21 0.215541 0.148343 0.093872 0.093811
21 0.881254 0.435539 0.182094 0.555909
21 0.090703 0.529689 0.126063 0.738247
18 0.693782 0.326597 0.236560 0.358746
11 0.615187 0.357728 0.197653 0.305379
16 0.728882 0.559971 0.147856 0.134841