0 0.557999 0.290616 0.077644 0.073100
15 0.361922 0.335335 0.137599 0.159098
11 0.361922 0.335335 0.137599 0.159098
15 0.166834 0.456782 0.142022 0.190058
11 0.166834 0.456782 0.142022 0.190058
15 0.235134 0.562803 0.086491 0.039559
11 0.235134 0.562803 0.086491 0.039559
15 0.161420 0.471215 0.037348 0.033539
15 0.211054 0.638482 0.113028 0.070518
11 0.211054 0.638482 0.113028 0.070518
11 0.229001 0.670467 0.222417 0.148520
16 0.173377 0.733419 0.192560 0.198897
15 0.879949 0.641449 0.077798 0.059565
11 0.879949 0.641449 0.077798 0.059565
15 0.777353 0.687397 0.111835 0.074881
11 0.777353 0.687397 0.111835 0.074881
17 0.895508 0.837952 0.036954 0.064672
16 0.895508 0.837952 0.036954 0.064672
15 0.697166 0.583775 0.059359 0.076011
11 0.697166 0.583775 0.059359 0.076011
11 0.844874 0.757834 0.166499 0.089945
15 0.333132 0.306657 0.197672 0.228665
15 0.174826 0.437114 0.172546 0.234528
15 0.233458 0.557309 0.075384 0.058631
15 0.296278 0.514067 0.056957 0.051302
15 0.209168 0.643059 0.120614 0.098208
15 0.355640 0.721052 0.105240 0.089770
16 0.165348 0.694122 0.187975 0.217760
15 0.882432 0.642955 0.085515 0.070885
15 0.793540 0.691198 0.087766 0.074828
15 0.736054 0.668313 0.090427 0.086222
15 0.865898 0.754030 0.102020 0.098398
15 0.877896 0.644521 0.093676 0.063906
15 0.336484 0.305542 0.207992 0.222280
11 0.336484 0.305542 0.207992 0.222280
15 0.167391 0.437521 0.168299 0.183382
11 0.167391 0.437521 0.168299 0.183382
15 0.843760 0.762607 0.174650 0.133370
11 0.843760 0.762607 0.174650 0.133370
15 0.742939 0.674390 0.173064 0.095858
11 0.742939 0.674390 0.173064 0.095858
15 0.234869 0.558387 0.093676 0.069464
11 0.234869 0.558387 0.093676 0.069464
15 0.201527 0.632711 0.163535 0.095858
11 0.201527 0.632711 0.163535 0.095858
16 0.170566 0.715372 0.203228 0.150040