16 0.131381 0.732082 0.072075 0.118781
16 0.882168 0.817716 0.060064 0.077348
11 0.264188 0.254296 0.116877 0.093320
17 0.865519 0.832247 0.054332 0.054523
16 0.865519 0.832247 0.054332 0.054523
16 0.141889 0.729449 0.069152 0.121538
19 0.293705 0.296878 0.177238 0.170383
11 0.277194 0.273776 0.087823 0.056997
17 0.140203 0.707918 0.096902 0.154409
16 0.140203 0.707918 0.096902 0.154409
0 0.566468 0.267032 0.115976 0.124228
19 0.301275 0.268792 0.160680 0.121790
17 0.868332 0.812698 0.064470 0.096970
16 0.868332 0.812698 0.064470 0.096970