10 0.723773 0.431667 0.211328 0.277623
10 0.343938 0.439264 0.180938 0.320442
17 0.214105 0.632633 0.084254 0.151934
16 0.214105 0.632633 0.084254 0.151934
10 0.727168 0.401979 0.163320 0.173163
10 0.351521 0.435088 0.224842 0.338588
5 0.227003 0.616278 0.070962 0.084105
10 0.729932 0.390482 0.208717 0.177753
19 0.729932 0.390482 0.208717 0.177753
10 0.325850 0.493844 0.227804 0.197018
19 0.325850 0.493844 0.227804 0.197018
17 0.199195 0.667993 0.051893 0.093232
16 0.199195 0.667993 0.051893 0.093232
11 0.217226 0.621377 0.052773 0.073880
19 0.384072 0.301653 0.070866 0.076257