19 0.273124 0.269556 0.181698 0.167200
0 0.563557 0.338093 0.133685 0.128036
15 0.379360 0.409410 0.110438 0.107986
5 0.759362 0.565977 0.267708 0.209684
19 0.292933 0.280254 0.209219 0.149117
2 0.292933 0.280254 0.209219 0.149117
0 0.587235 0.343070 0.120712 0.141408
8 0.384069 0.396960 0.130411 0.125025
5 0.753848 0.567507 0.259562 0.222201
5 0.114444 0.521038 0.046300 0.048438
18 0.710688 0.198049 0.199952 0.075901
19 0.274565 0.260892 0.233619 0.154250
2 0.274565 0.260892 0.233619 0.154250
21 0.372502 0.404533 0.066311 0.108545
0 0.574243 0.331367 0.127261 0.109148
5 0.772014 0.561125 0.231589 0.203618
15 0.772014 0.561125 0.231589 0.203618