0 0.503515 0.451292 0.306335 0.257689
17 0.099573 0.779187 0.073080 0.102414
16 0.099573 0.779187 0.073080 0.102414
17 0.097571 0.679663 0.041045 0.128019
11 0.201685 0.617718 0.179196 0.169316
19 0.228001 0.437890 0.205639 0.155572
17 0.320345 0.200049 0.159080 0.087070
17 0.699808 0.189485 0.159080 0.068503
0 0.590247 0.378690 0.136923 0.138638
14 0.428427 0.355585 0.152483 0.315790
17 0.346544 0.196887 0.209385 0.069715
17 0.693865 0.179459 0.205660 0.084068
19 0.229263 0.466976 0.200889 0.155380
17 0.092329 0.725619 0.046299 0.201346
19 0.140982 0.723355 0.052576 0.165738
16 0.092329 0.844420 0.124771 0.130775
21 0.443405 0.304799 0.147778 0.293126
0 0.559739 0.420234 0.210663 0.233465
19 0.218060 0.466986 0.234566 0.169997
19 0.144931 0.704907 0.062551 0.144953
17 0.091579 0.683278 0.044154 0.182137
11 0.222335 0.669844 0.292796 0.230446