21 0.726743 0.069973 0.215329 0.111231
21 0.265839 0.064146 0.174200 0.110172
21 0.037735 0.590366 0.062164 0.173059
21 0.935858 0.653739 0.064017 0.410303
18 0.276903 0.459965 0.359148 0.632631
3 0.590379 0.649180 0.445180 0.132418
11 0.470747 0.445118 0.841122 0.628507
18 0.195626 0.493071 0.207977 0.629562
21 0.938753 0.664888 0.073122 0.354221
0 0.568071 0.321201 0.127432 0.108785
3 0.590427 0.654369 0.446512 0.149863
21 0.044948 0.574969 0.056009 0.245233
21 0.668045 0.085187 0.116685 0.134877
18 0.273700 0.445631 0.371835 0.663486
21 0.287653 0.083825 0.180473 0.118529
10 0.733415 0.450122 0.301115 0.579867
11 0.733415 0.450122 0.301115 0.579867