19 0.282260 0.277471 0.188316 0.154745
17 0.300242 0.210018 0.205970 0.128293
1 0.673930 0.241099 0.277242 0.165326
19 0.699759 0.352198 0.217739 0.195746
17 0.272625 0.219520 0.169745 0.129140
17 0.694483 0.280865 0.299012 0.187016
19 0.291326 0.272409 0.174153 0.175547
19 0.708652 0.373071 0.180824 0.232854
17 0.300416 0.222003 0.222666 0.141849
19 0.336471 0.366657 0.174329 0.304536
19 0.655990 0.394170 0.082580 0.262493
19 0.762364 0.391080 0.078399 0.036879
10 0.774478 0.495545 0.085688 0.123805
10 0.771550 0.365817 0.077706 0.060288
17 0.658099 0.229190 0.218249 0.121700