17 0.122741 0.743118 0.070736 0.052754
16 0.122741 0.743118 0.070736 0.052754
19 0.300967 0.263188 0.213593 0.145642
19 0.687242 0.237385 0.020807 0.018349
21 0.687242 0.237385 0.020807 0.018349
17 0.126100 0.751060 0.057157 0.067933
16 0.126100 0.751060 0.057157 0.067933
2 0.683453 0.236379 0.017173 0.015723
19 0.741681 0.263460 0.049614 0.055654
17 0.357049 0.189022 0.121667 0.019335
19 0.263508 0.287265 0.113448 0.096675
2 0.263508 0.287265 0.113448 0.096675
0 0.559750 0.352270 0.116697 0.115193
15 0.685199 0.237471 0.021130 0.017470
0 0.553593 0.349901 0.124350 0.115732
15 0.308027 0.328035 0.022471 0.017471
17 0.119969 0.745158 0.045556 0.088154
16 0.119969 0.745158 0.045556 0.088154
17 0.227311 0.248163 0.079393 0.065230
17 0.374361 0.183758 0.166773 0.030551
17 0.651439 0.191549 0.116311 0.020643