16 0.732489 0.552041 0.275708 0.519482
11 0.322949 0.481693 0.199053 0.535668
16 0.325776 0.465480 0.283876 0.653696
16 0.724708 0.638475 0.322855 0.302124
17 0.335086 0.295542 0.294172 0.280564
16 0.218926 0.660732 0.144335 0.243931
14 0.455267 0.331467 0.147461 0.375028
10 0.311992 0.394715 0.182087 0.328145
11 0.330088 0.659307 0.127800 0.255513
14 0.479456 0.288286 0.098895 0.277300
16 0.728825 0.501016 0.297536 0.481974
11 0.339767 0.282877 0.281973 0.301431
17 0.339767 0.282877 0.281973 0.301431
16 0.297611 0.621458 0.252525 0.357907
11 0.296900 0.634729 0.219020 0.300981
10 0.317568 0.395379 0.200406 0.351500