17 0.309926 0.711746 0.043166 0.023745
17 0.770966 0.768317 0.027061 0.026515
19 0.808160 0.338190 0.080419 0.074561
19 0.236633 0.340972 0.118158 0.106675
19 0.674767 0.162925 0.054477 0.057993
19 0.305960 0.183260 0.107227 0.053474
17 0.286071 0.144096 0.105497 0.067031
19 0.696143 0.202113 0.123454 0.103468
2 0.696143 0.202113 0.123454 0.103468
17 0.289886 0.150903 0.125281 0.082663
19 0.297323 0.274154 0.244170 0.251060
19 0.693337 0.241750 0.142182 0.204637
19 0.300594 0.264781 0.291308 0.246167