3 0.607245 0.620164 0.445834 0.117495
0 0.568560 0.318799 0.111078 0.097658
15 0.274018 0.397383 0.058219 0.044251
21 0.890028 0.319696 0.115390 0.171050
21 0.152575 0.380771 0.094469 0.157684
0 0.576688 0.341463 0.130177 0.128369
3 0.608937 0.561595 0.433482 0.153705
2 0.889755 0.307156 0.102900 0.189024
15 0.277329 0.398166 0.056315 0.045891
2 0.168281 0.347176 0.049148 0.074445
2 0.147547 0.446860 0.029182 0.019886
21 0.145359 0.390482 0.088660 0.147936
21 0.892639 0.294725 0.111685 0.222477
15 0.278349 0.397936 0.046057 0.043578
0 0.563529 0.324244 0.117982 0.090389
3 0.609913 0.593904 0.460831 0.085368
17 0.784868 0.238877 0.032267 0.048207