15 0.245673 0.259250 0.039965 0.033346
15 0.295630 0.387317 0.037110 0.038179
15 0.381031 0.621502 0.028033 0.030349
15 0.246408 0.558595 0.029989 0.020418
15 0.218049 0.646334 0.050198 0.035871
15 0.138188 0.639713 0.039115 0.076704
15 0.118630 0.719175 0.043027 0.041385
21 0.802441 0.694519 0.213898 0.121953
15 0.718537 0.613380 0.022144 0.017422
15 0.294596 0.388736 0.040258 0.038549
15 0.246415 0.559198 0.028493 0.024994
15 0.378582 0.621726 0.029666 0.028513
15 0.217716 0.647502 0.046276 0.038212
2 0.128008 0.667393 0.060688 0.139642
17 0.100076 0.755346 0.068869 0.060829
15 0.291918 0.385840 0.045140 0.035412
15 0.247943 0.558526 0.027657 0.022347
15 0.214000 0.648444 0.042743 0.034050
15 0.122857 0.717613 0.044000 0.038308
15 0.137315 0.641526 0.045257 0.064910
17 0.115315 0.738361 0.114400 0.118116
16 0.115315 0.738361 0.114400 0.118116
21 0.725657 0.721867 0.359542 0.100027