5 0.671339 0.407205 0.314779 0.250382
11 0.671339 0.407205 0.314779 0.250382
10 0.729798 0.677014 0.251819 0.243188
11 0.288210 0.717306 0.161885 0.069069
11 0.224805 0.506495 0.159188 0.094976
11 0.273260 0.323228 0.145485 0.099460
15 0.282066 0.717870 0.129483 0.060858
11 0.232296 0.497425 0.148097 0.114594
17 0.264629 0.297631 0.194701 0.127960
11 0.340461 0.320680 0.201249 0.127021
5 0.660211 0.390723 0.301124 0.275833
15 0.660211 0.390723 0.301124 0.275833
9 0.725727 0.651220 0.254848 0.261323
17 0.276956 0.284343 0.205897 0.101737
5 0.663383 0.386331 0.332678 0.285199
11 0.663383 0.386331 0.332678 0.285199
10 0.725786 0.608226 0.261997 0.373708
11 0.286494 0.718302 0.125236 0.070069
11 0.236067 0.494812 0.150691 0.120965