15 0.710736 0.487352 0.061191 0.059059
19 0.369550 0.135138 0.093211 0.053366
2 0.675158 0.289898 0.160811 0.321616
11 0.659033 0.323175 0.209675 0.443670
14 0.515773 0.163956 0.079691 0.207770
19 0.373099 0.138830 0.094928 0.069880
14 0.541945 0.278140 0.157640 0.351362
11 0.644650 0.321833 0.212367 0.343879
17 0.674875 0.324902 0.132484 0.390638
2 0.674875 0.324902 0.132484 0.390638
17 0.672539 0.281288 0.142161 0.348725
2 0.672539 0.281288 0.142161 0.348725
11 0.638517 0.321386 0.244228 0.458081
14 0.539489 0.197448 0.106927 0.219927
19 0.364927 0.137880 0.073421 0.061719
21 0.364927 0.137880 0.073421 0.061719