17 0.061798 0.724608 0.029681 0.033639
16 0.061798 0.724608 0.029681 0.033639
0 0.564507 0.326662 0.067869 0.057766
19 0.248971 0.571335 0.169469 0.109774
19 0.139599 0.475227 0.073947 0.009122
19 0.139195 0.448517 0.056320 0.013285
20 0.137510 0.465375 0.080835 0.059493
19 0.245829 0.576172 0.213404 0.120712
17 0.066026 0.722764 0.056611 0.078764
16 0.066026 0.722764 0.056611 0.078764
17 0.867188 0.714453 0.064835 0.091767
16 0.867188 0.714453 0.064835 0.091767
19 0.821057 0.640142 0.052365 0.022944
0 0.537405 0.339409 0.110964 0.091765
11 0.233804 0.568326 0.184530 0.122687
19 0.233804 0.568326 0.184530 0.122687
21 0.196400 0.297517 0.167074 0.163584
17 0.057379 0.721932 0.046132 0.044885
16 0.057379 0.721932 0.046132 0.044885
21 0.127825 0.454615 0.109720 0.048875
21 0.385293 0.367339 0.073562 0.301232