17 0.851573 0.831551 0.030161 0.031820
17 0.128170 0.762752 0.039524 0.049020
10 0.287589 0.297345 0.102110 0.085746
11 0.287589 0.297345 0.102110 0.085746
11 0.243848 0.599297 0.026791 0.035000
8 0.379747 0.454621 0.092569 0.178018
15 0.291820 0.297126 0.093999 0.085761
17 0.128074 0.747721 0.053722 0.044421
16 0.128074 0.747721 0.053722 0.044421
17 0.844376 0.824601 0.045461 0.050114
16 0.844376 0.824601 0.045461 0.050114
15 0.287864 0.295558 0.103313 0.083143
11 0.386356 0.456720 0.104690 0.205010
21 0.386356 0.456720 0.104690 0.205010