0 0.598476 0.216170 0.120669 0.113532
17 0.669213 0.088303 0.159504 0.038991
10 0.266294 0.415138 0.313459 0.417432
19 0.266294 0.415138 0.313459 0.417432
9 0.266294 0.415138 0.313459 0.417432
10 0.717063 0.308487 0.266299 0.387616
19 0.717063 0.308487 0.266299 0.387616
17 0.839811 0.619266 0.051315 0.048167
16 0.839811 0.619266 0.051315 0.048167
17 0.668911 0.086882 0.159106 0.038752
10 0.735860 0.366278 0.248902 0.489118
9 0.735860 0.366278 0.248902 0.489118
10 0.287705 0.391227 0.336298 0.501557
9 0.287705 0.391227 0.336298 0.501557
21 0.479967 0.367093 0.129445 0.297996
11 0.295133 0.233186 0.107496 0.141962
0 0.607829 0.216195 0.107232 0.117417
3 0.602756 0.531304 0.398496 0.134189
17 0.686563 0.093426 0.161992 0.036833
0 0.594671 0.226890 0.134248 0.145866
10 0.723514 0.344792 0.297350 0.552485
17 0.858457 0.615895 0.025740 0.070944
16 0.858457 0.615895 0.025740 0.070944
17 0.151835 0.639722 0.052530 0.090042
16 0.151835 0.639722 0.052530 0.090042
10 0.297974 0.380438 0.325431 0.478825
19 0.272983 0.334749 0.217808 0.182580
19 0.285333 0.531421 0.108092 0.053050
3 0.606573 0.560850 0.416949 0.120964
21 0.511963 0.372126 0.175555 0.562474