19 0.757853 0.366668 0.135921 0.149515
1 0.733691 0.235655 0.164616 0.100431
19 0.396532 0.300217 0.151780 0.144982
17 0.834255 0.726071 0.048639 0.058366
19 0.723493 0.340502 0.212663 0.254998
19 0.379886 0.289798 0.151622 0.169342
19 0.317568 0.568050 0.090346 0.068340
17 0.830039 0.703317 0.051732 0.095710
12 0.718109 0.312159 0.051797 0.044437
12 0.780339 0.384019 0.070605 0.054521
1 0.755920 0.322825 0.185153 0.266029
19 0.755920 0.322825 0.185153 0.266029
17 0.752194 0.246741 0.107474 0.109604
19 0.397313 0.291433 0.174515 0.173449
17 0.831471 0.714419 0.051081 0.093643
14 0.581937 0.248869 0.115990 0.281989