0 0.598300 0.372898 0.122718 0.155769
15 0.214241 0.730248 0.034088 0.043522
2 0.389389 0.191111 0.017379 0.019538
15 0.751993 0.224461 0.027401 0.020212
19 0.786082 0.224461 0.039437 0.059288
3 0.591278 0.725545 0.413602 0.162640
19 0.773992 0.242677 0.052365 0.056126
17 0.792884 0.197576 0.046403 0.064812
15 0.754487 0.225852 0.022666 0.016320
15 0.754570 0.223813 0.021922 0.018078
0 0.536367 0.405092 0.237132 0.181781
19 0.772007 0.224817 0.074727 0.082354
21 0.772007 0.224817 0.074727 0.082354
15 0.212730 0.727638 0.031856 0.037847