11 0.268616 0.561622 0.218361 0.069627
16 0.878209 0.782160 0.080738 0.145253
16 0.255678 0.662748 0.257794 0.350559
16 0.287138 0.659177 0.350211 0.268293
17 0.870251 0.780896 0.076582 0.092879
16 0.870251 0.780896 0.076582 0.092879
11 0.313378 0.524898 0.280858 0.113611
20 0.198087 0.515794 0.057918 0.052248
20 0.138320 0.705954 0.034504 0.070473
16 0.873385 0.770961 0.072705 0.108139
16 0.256004 0.598421 0.284660 0.190767
19 0.281461 0.370710 0.069069 0.136206
21 0.281461 0.370710 0.069069 0.136206
11 0.274985 0.563315 0.196415 0.070229