17 0.822016 0.802524 0.048346 0.049722
16 0.822016 0.802524 0.048346 0.049722
17 0.088245 0.790094 0.048342 0.077347
16 0.088245 0.790094 0.048342 0.077347
19 0.213370 0.402614 0.191616 0.120266
17 0.640961 0.193572 0.159683 0.040505
19 0.679718 0.384522 0.109688 0.129186
17 0.648789 0.191379 0.213464 0.028786
19 0.657441 0.334806 0.145360 0.244659
19 0.245902 0.409093 0.251076 0.169147
16 0.805213 0.815986 0.061432 0.047424
16 0.089244 0.809896 0.067326 0.038222
7 0.291795 0.284578 0.263844 0.259448
19 0.750388 0.564012 0.161150 0.056198
19 0.646148 0.699172 0.104032 0.144747
0 0.533824 0.393063 0.129748 0.145319
18 0.296118 0.230875 0.296740 0.154441
17 0.627988 0.203861 0.174631 0.063305
0 0.532828 0.370854 0.122105 0.109146
19 0.229553 0.395785 0.217020 0.227694
19 0.698103 0.387573 0.118194 0.090757
15 0.670202 0.505580 0.018520 0.014819
19 0.731736 0.558630 0.153533 0.078858
19 0.681853 0.658995 0.103950 0.085552
17 0.807743 0.809128 0.072439 0.070417
16 0.807743 0.809128 0.072439 0.070417
17 0.086065 0.801339 0.042062 0.051101
16 0.086065 0.801339 0.042062 0.051101