16 0.601467 0.446765 0.236918 0.250700
11 0.598166 0.379559 0.185004 0.077021
0 0.430623 0.191913 0.112322 0.067205
19 0.235812 0.131401 0.093361 0.140041
16 0.541886 0.414810 0.339345 0.187422
0 0.437528 0.206374 0.093712 0.095414
17 0.496447 0.075883 0.123051 0.022462
17 0.253058 0.061398 0.075588 0.025500
0 0.439342 0.192125 0.096716 0.073397
2 0.449479 0.212006 0.062371 0.021332
3 0.424923 0.472323 0.412585 0.141986
16 0.670781 0.421428 0.082257 0.153665
11 0.599824 0.392321 0.188008 0.037601
11 0.501436 0.293595 0.194038 0.119726
11 0.157536 0.442439 0.149822 0.146899