15 0.671196 0.361488 0.153685 0.115170
21 0.870777 0.461206 0.065651 0.469102
19 0.166525 0.501790 0.065650 0.017906
19 0.166711 0.504484 0.072743 0.030420
19 0.254985 0.389281 0.071605 0.031028
18 0.640330 0.207468 0.192057 0.055870
15 0.675408 0.369514 0.178394 0.129124
21 0.714674 0.092720 0.268290 0.179188
21 0.873926 0.450383 0.195924 0.540075
15 0.673147 0.364521 0.189852 0.123938
19 0.152947 0.501823 0.069866 0.029160
18 0.838698 0.763061 0.053160 0.060754
17 0.838698 0.763061 0.053160 0.060754
17 0.731623 0.230255 0.109358 0.086270
21 0.788579 0.359052 0.417678 0.715674