0 0.504168 0.287927 0.088706 0.103109
3 0.535935 0.580560 0.418355 0.246480
1 0.282459 0.391906 0.139596 0.119292
15 0.282459 0.391906 0.139596 0.119292
11 0.282459 0.391906 0.139596 0.119292
19 0.240548 0.469070 0.180198 0.054980
21 0.206316 0.619614 0.320292 0.148012
5 0.272322 0.419203 0.186198 0.192555
15 0.272322 0.419203 0.186198 0.192555
3 0.540304 0.581630 0.425222 0.262980
0 0.501887 0.297092 0.112622 0.119851
15 0.286414 0.402186 0.161673 0.150667
19 0.213735 0.458688 0.158706 0.071688
21 0.239692 0.655530 0.350043 0.183476