3 0.551072 0.555366 0.448004 0.093115
0 0.549425 0.283927 0.088945 0.070275
10 0.670148 0.376257 0.108637 0.078152
19 0.670148 0.376257 0.108637 0.078152
10 0.249927 0.489896 0.131744 0.106167
19 0.249927 0.489896 0.131744 0.106167
0 0.551879 0.309988 0.119974 0.116733
3 0.553501 0.546043 0.440984 0.111545
0 0.544169 0.287666 0.107565 0.077447
17 0.831801 0.599804 0.061927 0.063580
16 0.831801 0.599804 0.061927 0.063580
11 0.662626 0.371678 0.141424 0.071269
10 0.243290 0.424938 0.276352 0.284248
21 0.243290 0.424938 0.276352 0.284248
3 0.558067 0.551087 0.416660 0.122257
17 0.344905 0.149683 0.121275 0.026835
17 0.592083 0.171160 0.142604 0.048085