15 0.809903 0.490816 0.180676 0.257558
19 0.809903 0.490816 0.180676 0.257558
19 0.338108 0.366105 0.152248 0.147058
17 0.324455 0.230469 0.232739 0.122200
19 0.326416 0.368016 0.167363 0.138995
19 0.811961 0.504099 0.176495 0.222091
2 0.811961 0.504099 0.176495 0.222091
0 0.575216 0.374087 0.114642 0.128370
19 0.801751 0.503271 0.164171 0.272993
19 0.313491 0.350788 0.170930 0.177594
17 0.313491 0.350788 0.170930 0.177594
2 0.313491 0.350788 0.170930 0.177594
19 0.316682 0.714625 0.106572 0.215563
11 0.359182 0.215803 0.235706 0.081248
17 0.359182 0.215803 0.235706 0.081248