0 0.576122 0.374892 0.095139 0.121619
17 0.690710 0.206440 0.151416 0.083437
11 0.268296 0.237857 0.119870 0.120520
3 0.559714 0.662705 0.404533 0.131665
17 0.685346 0.190280 0.098963 0.045380
19 0.680080 0.318227 0.154413 0.192866
17 0.308089 0.193747 0.080012 0.038447
19 0.336165 0.296798 0.158624 0.148746
0 0.579957 0.395733 0.097999 0.129008
17 0.230626 0.263453 0.075091 0.087768
17 0.711358 0.193360 0.101136 0.058165
19 0.722155 0.244892 0.104543 0.036735
10 0.325483 0.244261 0.098763 0.091274
11 0.325483 0.244261 0.098763 0.091274
0 0.566163 0.386338 0.119860 0.144664