2 0.569556 0.314333 0.032068 0.054027
17 0.102955 0.860448 0.025299 0.049232
16 0.102955 0.860448 0.025299 0.049232
21 0.197828 0.801873 0.187082 0.119019
17 0.826986 0.939276 0.031290 0.053589
16 0.826986 0.939276 0.031290 0.053589
17 0.793362 0.794394 0.078561 0.101573
21 0.793362 0.794394 0.078561 0.101573
15 0.738350 0.504907 0.015160 0.014190
15 0.766044 0.551839 0.019242 0.017464
15 0.850006 0.505997 0.016908 0.034929
15 0.813274 0.533829 0.008745 0.012005
15 0.215372 0.581575 0.158429 0.276213
15 0.218588 0.340306 0.012255 0.012426
19 0.221576 0.554254 0.076381 0.031654
17 0.106074 0.871438 0.057006 0.065671
17 0.793556 0.793597 0.068722 0.102920
2 0.189384 0.550479 0.106704 0.276356
2 0.780637 0.525168 0.093550 0.064299
17 0.831394 0.918767 0.072256 0.096239
16 0.831394 0.918767 0.072256 0.096239
17 0.098436 0.868697 0.059748 0.087135
16 0.098436 0.868697 0.059748 0.087135
21 0.789709 0.788716 0.080590 0.111848
2 0.215848 0.587785 0.155623 0.287417
21 0.215848 0.587785 0.155623 0.287417
2 0.773731 0.526661 0.084758 0.079330
21 0.773731 0.526661 0.084758 0.079330