15 0.620697 0.249439 0.017721 0.015949
15 0.431743 0.141118 0.003988 0.005759
15 0.647277 0.153966 0.005316 0.012848
15 0.617816 0.206244 0.009303 0.017278
15 0.658133 0.421777 0.019938 0.015951
15 0.666992 0.376146 0.010189 0.008861
15 0.734233 0.530749 0.018350 0.018008
15 0.738481 0.553514 0.020049 0.016650
15 0.710957 0.428981 0.014609 0.015632
2 0.782516 0.503115 0.023086 0.046829
2 0.731398 0.567424 0.035615 0.015830
15 0.770033 0.584136 0.012552 0.009814
15 0.361706 0.555988 0.019128 0.013851
0 0.576214 0.270241 0.083418 0.067939
15 0.471408 0.491234 0.013688 0.014284
15 0.449834 0.499269 0.012201 0.010120
15 0.293087 0.476427 0.019024 0.022933
15 0.618776 0.544411 0.010423 0.024238
15 0.674414 0.581416 0.008079 0.008079
0 0.573171 0.292683 0.092428 0.123235
15 0.735465 0.529832 0.021738 0.018050
15 0.736696 0.552804 0.020098 0.024613
2 0.786740 0.506657 0.021742 0.054557
2 0.731362 0.566136 0.029124 0.015176
15 0.665806 0.376037 0.009932 0.007816
15 0.647660 0.155451 0.010859 0.010376
17 0.427282 0.123979 0.052324 0.014125
17 0.599989 0.128474 0.031136 0.026965
0 0.567671 0.285765 0.102275 0.111836
2 0.560741 0.273817 0.051136 0.073601
15 0.736548 0.541125 0.023441 0.041852
15 0.711393 0.429250 0.013542 0.016989
19 0.782279 0.505369 0.017995 0.042275
15 0.673035 0.579035 0.013812 0.016325
2 0.729749 0.567316 0.027624 0.010466
19 0.445334 0.282681 0.019906 0.095341
15 0.617074 0.207030 0.012311 0.016004
15 0.648341 0.156804 0.012308 0.016496
19 0.744474 0.351958 0.014619 0.037393