17 0.810923 0.870348 0.066312 0.071887
16 0.810923 0.870348 0.066312 0.071887
17 0.109626 0.802953 0.057555 0.080869
16 0.109626 0.802953 0.057555 0.080869
0 0.585083 0.320925 0.115109 0.107832
21 0.494944 0.437744 0.237665 0.603113
17 0.121077 0.823600 0.070732 0.088860
16 0.121077 0.823600 0.070732 0.088860
17 0.819205 0.869003 0.044248 0.051880
16 0.819205 0.869003 0.044248 0.051880
9 0.353988 0.313878 0.185836 0.326848
17 0.117727 0.807339 0.061476 0.055047
16 0.117727 0.807339 0.061476 0.055047
17 0.815207 0.854931 0.052532 0.079127
16 0.815207 0.854931 0.052532 0.079127
19 0.406108 0.172592 0.139718 0.086009
21 0.462554 0.510322 0.194490 0.506882