14 0.523565 0.263907 0.150244 0.208482
1 0.689100 0.436659 0.348108 0.613361
11 0.689100 0.436659 0.348108 0.613361
17 0.903982 0.824787 0.036455 0.056872
16 0.903982 0.824787 0.036455 0.056872
14 0.505196 0.315348 0.184659 0.290114
17 0.663062 0.203366 0.275781 0.155406
1 0.727234 0.318065 0.267655 0.195926
19 0.727234 0.318065 0.267655 0.195926
17 0.661936 0.199541 0.286037 0.169725
14 0.518162 0.209288 0.216421 0.280962
1 0.729282 0.367546 0.293606 0.301605
19 0.729282 0.367546 0.293606 0.301605
17 0.892734 0.819954 0.057508 0.080277
16 0.892734 0.819954 0.057508 0.080277