19 0.266197 0.314050 0.233315 0.311780
15 0.808357 0.412964 0.005981 0.007617
15 0.815697 0.394130 0.007614 0.004656
15 0.820049 0.376989 0.007619 0.007618
10 0.778685 0.507221 0.190883 0.268307
15 0.806454 0.699405 0.175108 0.106503
19 0.806454 0.699405 0.175108 0.106503
17 0.835214 0.903137 0.060987 0.052978
19 0.117540 0.906724 0.032621 0.068979
10 0.232375 0.615754 0.220663 0.253043
19 0.232375 0.615754 0.220663 0.253043
19 0.723345 0.254766 0.041173 0.065725
17 0.351170 0.172413 0.106030 0.042534
19 0.273724 0.386993 0.244544 0.149898
9 0.273724 0.386993 0.244544 0.149898
10 0.240867 0.614039 0.235277 0.277958
9 0.240867 0.614039 0.235277 0.277958
10 0.776666 0.622671 0.255677 0.397906
9 0.776666 0.622671 0.255677 0.397906
19 0.362889 0.226843 0.072735 0.068389
19 0.735646 0.246652 0.065083 0.068730
10 0.257238 0.500197 0.360586 0.658948
19 0.257238 0.500197 0.360586 0.658948
17 0.346325 0.174132 0.126141 0.059393
17 0.644003 0.158190 0.134979 0.032510
15 0.819155 0.376959 0.011596 0.011282
15 0.809912 0.413063 0.011240 0.010715
15 0.816436 0.396704 0.010517 0.007898
10 0.752187 0.688848 0.180832 0.247480
19 0.752187 0.688848 0.180832 0.247480
17 0.865935 0.890573 0.048843 0.114980
16 0.865935 0.890573 0.048843 0.114980