10 0.764722 0.384784 0.245468 0.485035
3 0.568660 0.567533 0.442050 0.162539
1 0.177056 0.390804 0.147696 0.116960
5 0.177056 0.390804 0.147696 0.116960
15 0.177056 0.390804 0.147696 0.116960
10 0.244143 0.442833 0.323477 0.370655
5 0.755435 0.384327 0.235768 0.488338
11 0.755435 0.384327 0.235768 0.488338
5 0.238643 0.464075 0.283402 0.291427
11 0.238643 0.464075 0.283402 0.291427
3 0.563722 0.557116 0.447728 0.152604
5 0.223722 0.368165 0.204269 0.133657
9 0.223722 0.368165 0.204269 0.133657
5 0.743947 0.233293 0.163122 0.194410
5 0.801260 0.465371 0.154307 0.119076
19 0.247970 0.469622 0.302729 0.377884
19 0.759376 0.433171 0.255705 0.404616