19 0.219023 0.522314 0.074257 0.090462
16 0.199615 0.560793 0.231211 0.410441
0 0.570056 0.399452 0.148516 0.176867
4 0.570056 0.399452 0.148516 0.176867
0 0.563238 0.383644 0.146146 0.152893
3 0.546375 0.633219 0.460931 0.170882
19 0.267802 0.581175 0.213320 0.064941
16 0.162176 0.585163 0.225216 0.279611
19 0.216913 0.530127 0.073570 0.050920
17 0.212914 0.307518 0.203882 0.255985
11 0.267808 0.572661 0.226497 0.154747
0 0.559191 0.382415 0.156957 0.153232
16 0.218675 0.485634 0.281990 0.463953
21 0.368981 0.292498 0.095770 0.254323
11 0.252608 0.532646 0.122421 0.059576