17 0.116055 0.789214 0.061100 0.085521
16 0.116055 0.789214 0.061100 0.085521
11 0.221592 0.753702 0.077765 0.084071
15 0.647212 0.381181 0.215242 0.284103
11 0.647212 0.381181 0.215242 0.284103
17 0.858288 0.778343 0.062490 0.081172
16 0.858288 0.778343 0.062490 0.081172
15 0.637295 0.392180 0.256627 0.281265
11 0.258680 0.721757 0.149963 0.143940
16 0.810849 0.814184 0.149390 0.053820
16 0.183271 0.817305 0.192322 0.075742
3 0.544667 0.717556 0.469461 0.192513
5 0.658141 0.370895 0.198486 0.238952
11 0.658141 0.370895 0.198486 0.238952
16 0.113632 0.801142 0.059545 0.104974
17 0.871843 0.792856 0.038375 0.071824
16 0.871843 0.792856 0.038375 0.071824