19 0.210421 0.381046 0.119556 0.030548
1 0.265770 0.261263 0.194831 0.173643
19 0.265770 0.261263 0.194831 0.173643
17 0.132045 0.853337 0.061992 0.097269
17 0.805541 0.741193 0.062879 0.081999
16 0.805541 0.741193 0.062879 0.081999
19 0.708126 0.443347 0.201031 0.111741
1 0.618781 0.171481 0.137121 0.046677
17 0.290692 0.197094 0.109585 0.073613
17 0.615064 0.163769 0.157802 0.042775
19 0.727938 0.444293 0.197253 0.120364
19 0.283021 0.294083 0.149036 0.138271
19 0.215078 0.381126 0.127119 0.027854
17 0.817198 0.752918 0.054293 0.156939
17 0.122791 0.844357 0.048580 0.095979
19 0.240003 0.666857 0.098850 0.079275
17 0.306928 0.232901 0.249274 0.142368
17 0.607500 0.188508 0.213292 0.070685
0 0.517780 0.370138 0.128652 0.145058
19 0.707375 0.464794 0.213969 0.163499
19 0.295011 0.314205 0.121881 0.118014
19 0.204277 0.379666 0.106984 0.027660
10 0.243812 0.673697 0.088949 0.071878
17 0.122244 0.850094 0.053373 0.089305
16 0.122244 0.850094 0.053373 0.089305
17 0.811786 0.761872 0.045405 0.111725