10 0.330781 0.248045 0.204180 0.259075
11 0.330781 0.248045 0.204180 0.259075
19 0.330781 0.248045 0.204180 0.259075
2 0.330781 0.248045 0.204180 0.259075
10 0.711879 0.258306 0.218135 0.259075
11 0.711879 0.258306 0.218135 0.259075
19 0.711879 0.258306 0.218135 0.259075
2 0.711879 0.258306 0.218135 0.259075
21 0.395565 0.722670 0.131514 0.176607
10 0.320537 0.248387 0.245739 0.246457
10 0.705290 0.222228 0.250867 0.222270
10 0.319955 0.225434 0.298645 0.283237
9 0.319955 0.225434 0.298645 0.283237
9 0.740060 0.315751 0.201478 0.382948