16 0.126400 0.689824 0.168802 0.134877
16 0.722795 0.742901 0.152668 0.088671
1 0.201918 0.615911 0.144001 0.127500
2 0.502675 0.369753 0.063119 0.055974
15 0.215499 0.638358 0.420929 0.457342
16 0.215499 0.638358 0.420929 0.457342
16 0.638027 0.686668 0.376116 0.380044
16 0.171178 0.611237 0.227953 0.116972
16 0.695470 0.720183 0.214274 0.155964
2 0.916544 0.237663 0.046430 0.075467
9 0.690192 0.480684 0.177690 0.279407
9 0.204446 0.432620 0.211620 0.217419
0 0.493750 0.408812 0.156261 0.236285