0 0.568338 0.328588 0.108200 0.105923
17 0.236902 0.767083 0.039863 0.062643
16 0.236902 0.767083 0.039863 0.062643
17 0.800114 0.715830 0.041003 0.058086
16 0.800114 0.715830 0.041003 0.058086
3 0.559225 0.599658 0.381549 0.124147
21 0.305496 0.684030 0.088773 0.066829
3 0.576380 0.592425 0.404362 0.145059
0 0.568035 0.344673 0.112966 0.134788
0 0.569427 0.342040 0.109967 0.121148
3 0.568029 0.602044 0.388610 0.119284
17 0.801940 0.705021 0.038210 0.068031
17 0.232075 0.778175 0.033549 0.054053