15 0.428405 0.317717 0.113961 0.127071
11 0.242829 0.488299 0.167866 0.070442
16 0.253609 0.576006 0.297231 0.295580
15 0.432643 0.316130 0.107771 0.123840
21 0.265988 0.647977 0.333410 0.243322
10 0.228739 0.367520 0.208671 0.305524
10 0.843204 0.687479 0.122329 0.118597
17 0.410473 0.167657 0.151512 0.033289
17 0.680946 0.176661 0.126564 0.021829
16 0.265448 0.598022 0.346084 0.248946
11 0.250978 0.492268 0.161249 0.063850
15 0.435045 0.315723 0.113175 0.125517
0 0.619280 0.366134 0.136182 0.123382
17 0.925666 0.856280 0.023732 0.045295
16 0.925666 0.856280 0.023732 0.045295