17 0.690949 0.165641 0.184263 0.069307
11 0.758607 0.405932 0.220575 0.276487
19 0.758607 0.405932 0.220575 0.276487
21 0.744513 0.681742 0.282928 0.114641
18 0.714765 0.188706 0.277024 0.152937
14 0.559918 0.215772 0.077603 0.176605
18 0.716522 0.207956 0.230731 0.145487
19 0.753625 0.386861 0.205671 0.180474
14 0.569131 0.253682 0.084736 0.185907
14 0.607203 0.335199 0.216406 0.377553
19 0.726264 0.420633 0.226839 0.074131
19 0.789167 0.337236 0.123194 0.119303
18 0.704960 0.220154 0.211382 0.171278
20 0.822952 0.475147 0.047286 0.061852