3 0.522092 0.586698 0.388187 0.137201
17 0.746480 0.585875 0.085234 0.102694
16 0.746480 0.585875 0.085234 0.102694
0 0.554440 0.276148 0.128368 0.110910
19 0.640705 0.281489 0.214631 0.205391
0 0.553266 0.296825 0.139666 0.160613
19 0.652131 0.283946 0.168889 0.215601
14 0.497018 0.266071 0.174350 0.297211
0 0.552537 0.279283 0.136037 0.101960
10 0.641736 0.283049 0.222040 0.256311
19 0.641736 0.283049 0.222040 0.256311
21 0.400140 0.464847 0.163288 0.500883
10 0.723095 0.526059 0.155200 0.170875