21 0.941222 0.690637 0.089864 0.530098
21 0.609146 0.148788 0.547418 0.106628
11 0.775877 0.579435 0.195923 0.211486
16 0.732240 0.599807 0.304972 0.724657
11 0.815873 0.846589 0.149662 0.200346
11 0.720855 0.326497 0.250349 0.165223
14 0.428546 0.403104 0.203333 0.373240
18 0.725242 0.306016 0.276943 0.208293
21 0.936211 0.789272 0.095607 0.327148
21 0.716317 0.154888 0.126411 0.068893
11 0.779622 0.609044 0.196815 0.159179
21 0.703442 0.102607 0.161130 0.192041
21 0.354512 0.088691 0.081119 0.143799
21 0.911116 0.660202 0.123156 0.614485
17 0.091367 0.846981 0.044784 0.064807
16 0.091367 0.846981 0.044784 0.064807
18 0.721167 0.305843 0.258253 0.196292
11 0.711369 0.545744 0.319758 0.343229
21 0.711369 0.545744 0.319758 0.343229
14 0.488892 0.240583 0.076132 0.224956