0 0.544883 0.353018 0.169867 0.158877
19 0.727599 0.287742 0.186572 0.107942
17 0.361987 0.177041 0.193032 0.072983
10 0.266182 0.369156 0.163718 0.345507
19 0.266182 0.369156 0.163718 0.345507
11 0.268071 0.621020 0.122159 0.100100
21 0.435503 0.303501 0.159345 0.342411
0 0.558196 0.350785 0.158296 0.170104
12 0.312323 0.245073 0.079147 0.067645
19 0.286540 0.332447 0.245836 0.262892
11 0.275135 0.591455 0.184174 0.238743
19 0.275135 0.591455 0.184174 0.238743
19 0.738444 0.325066 0.179883 0.109155
12 0.301675 0.250911 0.090988 0.066829
5 0.306651 0.608142 0.069663 0.081410
1 0.271820 0.351761 0.241688 0.270958
10 0.271820 0.351761 0.241688 0.270958
19 0.271820 0.351761 0.241688 0.270958
17 0.326554 0.184690 0.166337 0.038882
14 0.434604 0.262454 0.160653 0.255164
0 0.547625 0.356015 0.142168 0.165250
19 0.792157 0.300121 0.099516 0.082624
19 0.689551 0.314737 0.078307 0.069372