16 0.312346 0.363865 0.335195 0.548882
11 0.314092 0.361770 0.185056 0.142459
3 0.630956 0.451854 0.396299 0.252793
17 0.921764 0.581642 0.051220 0.064111
16 0.921764 0.581642 0.051220 0.064111
16 0.307880 0.302853 0.335604 0.465628
11 0.335297 0.332458 0.153344 0.154481
3 0.606490 0.432984 0.454355 0.203324
16 0.323462 0.337130 0.345957 0.535309
10 0.324886 0.306379 0.180809 0.211847
11 0.324886 0.306379 0.180809 0.211847
17 0.923548 0.583144 0.062643 0.088837
16 0.923548 0.583144 0.062643 0.088837
11 0.866599 0.446469 0.076879 0.113896
19 0.866599 0.446469 0.076879 0.113896