17 0.179468 0.763125 0.046873 0.071368
16 0.179468 0.763125 0.046873 0.071368
0 0.559742 0.412941 0.217730 0.195959
1 0.335207 0.237545 0.204125 0.133058
19 0.258850 0.486727 0.181443 0.466913
9 0.779742 0.513339 0.192027 0.471752
0 0.583770 0.414241 0.159023 0.181741
17 0.352140 0.238201 0.245156 0.105018
14 0.437911 0.307107 0.159265 0.275424
17 0.165409 0.719977 0.038148 0.143434
19 0.272997 0.376425 0.214529 0.233477
11 0.263741 0.611208 0.213440 0.300556
19 0.762426 0.315477 0.158724 0.149213
0 0.575951 0.407603 0.173246 0.168725
17 0.169581 0.767201 0.077408 0.075687
16 0.169581 0.767201 0.077408 0.075687
17 0.302178 0.436927 0.356937 0.497708
19 0.287127 0.455848 0.223624 0.391054
14 0.444095 0.319954 0.139050 0.385321
19 0.702296 0.222503 0.104444 0.076520
21 0.702296 0.222503 0.104444 0.076520
11 0.296445 0.689793 0.156250 0.152524