9 0.266559 0.672466 0.134444 0.328099
17 0.146026 0.890672 0.032308 0.124535
3 0.583796 0.747113 0.406684 0.225931
19 0.242282 0.661552 0.122899 0.311940
17 0.145119 0.896927 0.048573 0.058087
16 0.145119 0.896927 0.048573 0.058087
11 0.787474 0.796695 0.074347 0.083144
21 0.787474 0.796695 0.074347 0.083144
19 0.252673 0.756833 0.079303 0.112756
9 0.252673 0.756833 0.079303 0.112756
21 0.507356 0.579332 0.124510 0.543618
17 0.868437 0.914216 0.029430 0.058522
16 0.868437 0.914216 0.029430 0.058522