0 0.616530 0.334861 0.090384 0.097529
3 0.609994 0.715534 0.401819 0.158349
19 0.842239 0.427894 0.070993 0.073189
19 0.839316 0.540095 0.058461 0.075605
19 0.723881 0.274233 0.082652 0.070438
2 0.835942 0.539192 0.052319 0.075291
2 0.829626 0.424520 0.055328 0.054440
19 0.696865 0.304970 0.054102 0.093634
0 0.608315 0.352947 0.097328 0.133897
19 0.819742 0.444967 0.090706 0.286519
2 0.819742 0.444967 0.090706 0.286519
19 0.709986 0.254973 0.067123 0.084733
2 0.709986 0.254973 0.067123 0.084733
21 0.709986 0.254973 0.067123 0.084733