11 0.765998 0.393972 0.314255 0.361170
11 0.260188 0.350349 0.296725 0.292688
5 0.754495 0.471550 0.322212 0.506994
10 0.754495 0.471550 0.322212 0.506994
5 0.253343 0.452151 0.350979 0.528552
10 0.253343 0.452151 0.350979 0.528552
5 0.215401 0.592952 0.301626 0.247871
11 0.215401 0.592952 0.301626 0.247871
10 0.268105 0.346903 0.287031 0.346296
19 0.268105 0.346903 0.287031 0.346296
19 0.740815 0.371203 0.259466 0.326853
10 0.817031 0.595384 0.207572 0.245443
11 0.817031 0.595384 0.207572 0.245443
17 0.913519 0.769746 0.037298 0.049816
16 0.913519 0.769746 0.037298 0.049816