0 0.584463 0.388305 0.118236 0.122685
3 0.578018 0.688705 0.411930 0.222571
17 0.382823 0.222244 0.105508 0.038234
17 0.162199 0.702751 0.050513 0.090916
16 0.162199 0.702751 0.050513 0.090916
5 0.305320 0.471437 0.267036 0.443931
11 0.305320 0.471437 0.267036 0.443931
10 0.736861 0.559613 0.180929 0.140089
11 0.736861 0.559613 0.180929 0.140089
20 0.761210 0.444450 0.044517 0.058855
16 0.276966 0.734334 0.311347 0.133507
5 0.335423 0.482089 0.275765 0.512196
11 0.335423 0.482089 0.275765 0.512196
3 0.587693 0.684960 0.392862 0.234962
17 0.155380 0.744230 0.057738 0.171325
16 0.155380 0.744230 0.057738 0.171325
5 0.324983 0.479344 0.262224 0.528554
11 0.324983 0.479344 0.262224 0.528554