19 0.336010 0.340022 0.207570 0.439219
21 0.336010 0.340022 0.207570 0.439219
9 0.336010 0.340022 0.207570 0.439219
17 0.624425 0.100917 0.144495 0.084862
12 0.624425 0.100917 0.144495 0.084862
1 0.653670 0.334289 0.198395 0.395642
19 0.653670 0.334289 0.198395 0.395642
21 0.653670 0.334289 0.198395 0.395642
9 0.653670 0.334289 0.198395 0.395642
14 0.583143 0.208716 0.183486 0.236240
17 0.262615 0.684061 0.040138 0.051605
16 0.262615 0.684061 0.040138 0.051605
17 0.754587 0.701836 0.047018 0.061927
16 0.754587 0.701836 0.047018 0.061927
7 0.728784 0.615825 0.091742 0.167432
17 0.392882 0.082837 0.140688 0.056059
17 0.268231 0.288876 0.067469 0.348590
17 0.613672 0.072662 0.144395 0.078475
17 0.720837 0.208045 0.095215 0.159043
19 0.344679 0.373366 0.194619 0.133931
10 0.347265 0.348247 0.215893 0.494847
10 0.656510 0.372569 0.199870 0.526248
17 0.753483 0.691439 0.030169 0.064414
17 0.254061 0.689399 0.034246 0.061969
10 0.508352 0.351810 0.534187 0.630014
17 0.254242 0.686383 0.050520 0.070443
16 0.254242 0.686383 0.050520 0.070443
17 0.764062 0.684603 0.038424 0.061191
16 0.764062 0.684603 0.038424 0.061191