17 0.216803 0.719233 0.074307 0.074307
16 0.216803 0.719233 0.074307 0.074307
17 0.396173 0.133655 0.105505 0.025020
17 0.636665 0.155968 0.131924 0.047423
17 0.391790 0.140448 0.104329 0.023280
17 0.209490 0.719111 0.068036 0.079590
16 0.209490 0.719111 0.068036 0.079590
20 0.201833 0.658758 0.025507 0.053649
20 0.182044 0.731761 0.031664 0.043099
20 0.167091 0.766942 0.028146 0.030785
17 0.195677 0.708013 0.074762 0.146885
16 0.195677 0.708013 0.074762 0.146885
17 0.389525 0.140454 0.083359 0.022095
17 0.643617 0.157528 0.075325 0.028121