17 0.897723 0.648337 0.044122 0.048760
16 0.897723 0.648337 0.044122 0.048760
11 0.077793 0.709795 0.053927 0.082284
11 0.226846 0.422628 0.107334 0.081845
19 0.276499 0.332818 0.066295 0.070647
3 0.505801 0.653241 0.570888 0.164055
17 0.909996 0.660830 0.053208 0.073928
16 0.909996 0.660830 0.053208 0.073928
17 0.086873 0.726329 0.103282 0.093388
16 0.086873 0.726329 0.103282 0.093388
3 0.524256 0.571985 0.480417 0.168610
5 0.701869 0.511673 0.187782 0.203632
5 0.223017 0.418938 0.087633 0.070039
11 0.236319 0.560311 0.170571 0.259404
0 0.555754 0.310036 0.127943 0.102277
3 0.553086 0.673142 0.555972 0.160914
17 0.106863 0.696829 0.105849 0.115102
10 0.744574 0.479133 0.211355 0.205295
11 0.744574 0.479133 0.211355 0.205295
10 0.230237 0.512859 0.146093 0.288887
11 0.230237 0.512859 0.146093 0.288887
17 0.908300 0.659873 0.048269 0.096154
16 0.908300 0.659873 0.048269 0.096154