19 0.317660 0.272935 0.180045 0.190366
17 0.743118 0.685781 0.056191 0.094036
16 0.743118 0.685781 0.056191 0.094036
19 0.699858 0.321734 0.039170 0.141610
17 0.670734 0.201215 0.111481 0.109471
12 0.314208 0.189705 0.076448 0.081081
19 0.354748 0.298585 0.098454 0.220077
17 0.662887 0.389087 0.224772 0.515752
17 0.751089 0.675555 0.048649 0.064867
16 0.751089 0.675555 0.048649 0.064867
17 0.634372 0.659362 0.047910 0.043600
16 0.761408 0.686276 0.076976 0.162025
19 0.344483 0.306661 0.100794 0.134367
15 0.307522 0.317351 0.016149 0.015199
21 0.307522 0.317351 0.016149 0.015199
7 0.159838 0.782858 0.107955 0.180553
13 0.159838 0.782858 0.107955 0.180553
0 0.555355 0.267731 0.105723 0.108794