0 0.572318 0.343269 0.109507 0.131215
15 0.386300 0.614679 0.110908 0.121543
11 0.386300 0.614679 0.110908 0.121543
15 0.335760 0.317027 0.080023 0.062155
11 0.335760 0.317027 0.080023 0.062155
15 0.256439 0.503491 0.042117 0.034529
11 0.256439 0.503491 0.042117 0.034529
11 0.199698 0.692085 0.159219 0.156646
15 0.335922 0.324801 0.069017 0.074307
15 0.398753 0.609861 0.107431 0.119147
15 0.258575 0.499691 0.033500 0.039931
15 0.202749 0.290584 0.019261 0.021618
15 0.213194 0.697592 0.160595 0.151329
0 0.573384 0.346792 0.099704 0.138966
15 0.337348 0.317198 0.067145 0.062642
15 0.255155 0.496014 0.041676 0.046695
11 0.209427 0.682802 0.158600 0.151479
16 0.209427 0.682802 0.158600 0.151479
15 0.397547 0.614465 0.094927 0.117309