19 0.707351 0.222966 0.155221 0.151359
0 0.571563 0.285130 0.112347 0.150069
10 0.718002 0.248277 0.204516 0.234040
19 0.718002 0.248277 0.204516 0.234040
17 0.713835 0.172861 0.117263 0.088227
19 0.723688 0.237939 0.207923 0.200913
0 0.571935 0.264583 0.105442 0.110941
15 0.280150 0.498869 0.046946 0.036414
19 0.280150 0.498869 0.046946 0.036414
21 0.280150 0.498869 0.046946 0.036414
17 0.886921 0.826048 0.036853 0.049005
16 0.886921 0.826048 0.036853 0.049005
19 0.217347 0.304792 0.065261 0.067828