0 0.591421 0.316337 0.139412 0.182322
17 0.891947 0.676142 0.059187 0.103588
16 0.891947 0.676142 0.059187 0.103588
17 0.142936 0.632635 0.052608 0.099449
16 0.142936 0.632635 0.052608 0.099449
3 0.601287 0.622275 0.435335 0.142266
0 0.602067 0.304879 0.113677 0.186137
21 0.490833 0.289473 0.123456 0.288830
17 0.901435 0.670318 0.055667 0.069700
16 0.901435 0.670318 0.055667 0.069700
17 0.124792 0.621978 0.043890 0.157393
16 0.124792 0.621978 0.043890 0.157393
17 0.363609 0.161932 0.153153 0.058144
0 0.592208 0.288241 0.138816 0.126630
3 0.603861 0.600558 0.437728 0.091513
17 0.136746 0.637803 0.060796 0.083000
16 0.136746 0.637803 0.060796 0.083000
17 0.887067 0.647912 0.078021 0.094708
16 0.887067 0.647912 0.078021 0.094708