21 0.091870 0.553730 0.040084 0.125540
21 0.254029 0.478910 0.026723 0.014063
21 0.652441 0.227328 0.026724 0.033142
21 0.765406 0.266496 0.021866 0.021090
21 0.099766 0.273024 0.014576 0.018077
21 0.914809 0.398062 0.043728 0.294266
21 0.657770 0.226462 0.036909 0.041200
21 0.771266 0.265754 0.022146 0.023651
21 0.254988 0.476709 0.035987 0.016784
21 0.331267 0.139012 0.036878 0.027878
21 0.092088 0.552822 0.045307 0.130677
15 0.657437 0.229099 0.035102 0.035182
21 0.657437 0.229099 0.035102 0.035182
21 0.253206 0.478011 0.024467 0.014076
21 0.901573 0.475812 0.017020 0.141605
21 0.924974 0.267800 0.017020 0.022868
21 0.090450 0.555412 0.052124 0.131930
21 0.768441 0.265994 0.023079 0.030130
17 0.226465 0.186948 0.089435 0.070095
21 0.330340 0.139576 0.030743 0.013865
21 0.098834 0.273219 0.016769 0.022338