0 0.572577 0.302853 0.182439 0.164721
3 0.599211 0.743190 0.491394 0.134890
21 0.535252 0.371884 0.252554 0.107103
15 0.605495 0.156652 0.025785 0.022036
0 0.592920 0.335045 0.188480 0.207958
3 0.600828 0.709884 0.481076 0.172014
2 0.439526 0.358793 0.057372 0.082308
21 0.439526 0.358793 0.057372 0.082308
2 0.586909 0.346247 0.036667 0.031742
21 0.586909 0.346247 0.036667 0.031742
2 0.532930 0.371046 0.041416 0.050921
21 0.532930 0.371046 0.041416 0.050921
2 0.647339 0.404442 0.027160 0.038357
21 0.647339 0.404442 0.027160 0.038357
2 0.619162 0.373691 0.015618 0.021823
21 0.619162 0.373691 0.015618 0.021823
2 0.496944 0.367408 0.023764 0.035710
21 0.496944 0.367408 0.023764 0.035710
0 0.596548 0.340467 0.195760 0.221791
3 0.595882 0.705578 0.484736 0.186770