15 0.210561 0.369103 0.114299 0.083352
15 0.271415 0.471398 0.155573 0.124606
15 0.307512 0.587349 0.232089 0.171754
11 0.307512 0.587349 0.232089 0.171754
15 0.732112 0.645314 0.095354 0.110212
15 0.641256 0.541545 0.169121 0.148854
15 0.772452 0.657877 0.183523 0.141607
11 0.772452 0.657877 0.183523 0.141607
15 0.824457 0.443064 0.030842 0.025182
15 0.149670 0.569252 0.043362 0.021489
21 0.149670 0.569252 0.043362 0.021489
15 0.099910 0.629197 0.024880 0.032800
21 0.099910 0.629197 0.024880 0.032800
15 0.635984 0.535432 0.218364 0.185629
15 0.735312 0.634834 0.112729 0.111002
15 0.210152 0.365902 0.092505 0.085858
15 0.297517 0.535160 0.217899 0.262476
15 0.795205 0.668537 0.183194 0.092350
15 0.302292 0.538261 0.238482 0.264254
11 0.302292 0.538261 0.238482 0.264254
15 0.203735 0.366447 0.102207 0.058076
11 0.203735 0.366447 0.102207 0.058076
15 0.779258 0.646674 0.201979 0.153907
11 0.779258 0.646674 0.201979 0.153907
15 0.621082 0.531000 0.201979 0.162618
11 0.621082 0.531000 0.201979 0.162618
0 0.579103 0.289978 0.100990 0.079374
11 0.150807 0.565364 0.049887 0.037750