11 0.782633 0.571965 0.166327 0.314243
3 0.581151 0.633418 0.385387 0.171789
10 0.260914 0.532264 0.244759 0.419903
11 0.260914 0.532264 0.244759 0.419903
16 0.293918 0.441468 0.304650 0.652316
3 0.574353 0.598454 0.390826 0.172295
5 0.793598 0.576302 0.104857 0.218569
17 0.670181 0.168901 0.219806 0.108300
10 0.304924 0.479750 0.229567 0.300538
17 0.324973 0.210291 0.266676 0.196738
17 0.177726 0.523099 0.086782 0.427619
5 0.766477 0.560208 0.103260 0.191514
11 0.766477 0.560208 0.103260 0.191514
16 0.795901 0.580274 0.111034 0.282110
5 0.266277 0.375574 0.071061 0.058487
5 0.314577 0.568807 0.107703 0.128441
10 0.296810 0.493693 0.218733 0.345185
11 0.296810 0.493693 0.218733 0.345185
16 0.191885 0.686353 0.151004 0.177750
17 0.728173 0.184060 0.111031 0.092890
17 0.349551 0.184060 0.206519 0.138762