0 0.510240 0.296650 0.137503 0.144166
15 0.485286 0.185095 0.018083 0.013967
15 0.591967 0.461987 0.032752 0.030311
15 0.566536 0.413257 0.030441 0.019073
19 0.646010 0.199614 0.189926 0.098903
2 0.572685 0.456381 0.073730 0.109228
2 0.579496 0.333838 0.066512 0.049994
2 0.343492 0.392528 0.033658 0.028260
0 0.495976 0.275099 0.168238 0.109368
2 0.515744 0.270491 0.031489 0.031613
19 0.163336 0.531410 0.056842 0.031335
15 0.563012 0.412513 0.033622 0.018366
15 0.590796 0.460960 0.032220 0.027864
15 0.564180 0.491516 0.040623 0.040214
15 0.569065 0.334447 0.038451 0.045261
15 0.603263 0.326810 0.021696 0.014343
15 0.484781 0.184419 0.017559 0.011745
21 0.484781 0.184419 0.017559 0.011745
11 0.644052 0.163283 0.143821 0.056679