1 0.354341 0.187196 0.153270 0.074819
17 0.354341 0.187196 0.153270 0.074819
14 0.492915 0.230195 0.119678 0.243378
19 0.355188 0.234060 0.071792 0.053329
18 0.278514 0.382744 0.318013 0.348320
0 0.613992 0.299211 0.119673 0.101479
3 0.592995 0.682768 0.489205 0.144480
21 0.665703 0.938374 0.157051 0.111108
0 0.616741 0.319641 0.126929 0.133504
3 0.593237 0.654684 0.471670 0.164312
14 0.488819 0.280745 0.182519 0.314782
19 0.325141 0.324554 0.208320 0.250700
17 0.836982 0.756194 0.049277 0.073844
0 0.599392 0.325688 0.149790 0.146789
17 0.315915 0.200688 0.120391 0.057339
1 0.349512 0.274656 0.153988 0.168578
19 0.349512 0.274656 0.153988 0.168578
14 0.460803 0.241399 0.110591 0.292431
19 0.702900 0.214774 0.031875 0.104449
17 0.121787 0.741540 0.088270 0.089384
16 0.121787 0.741540 0.088270 0.089384
15 0.811899 0.682506 0.036504 0.036060
17 0.601460 0.168411 0.075156 0.068605