3 0.540226 0.595969 0.322829 0.272993
18 0.317516 0.256318 0.244776 0.177914
10 0.301412 0.492764 0.282724 0.254556
17 0.147687 0.544365 0.106424 0.288958
18 0.315884 0.214613 0.252581 0.172402
17 0.143491 0.484202 0.106775 0.417748
1 0.263794 0.453833 0.274838 0.346619
21 0.033785 0.747937 0.069167 0.260708
17 0.138202 0.565976 0.075818 0.252194
16 0.138202 0.565976 0.075818 0.252194
5 0.259244 0.464884 0.246076 0.337323
10 0.259244 0.464884 0.246076 0.337323
11 0.259244 0.464884 0.246076 0.337323