0 0.539442 0.362256 0.110169 0.108544
15 0.310408 0.540382 0.139161 0.162354
11 0.310408 0.540382 0.139161 0.162354
19 0.295019 0.335752 0.167129 0.121698
17 0.295019 0.251436 0.227159 0.096048
19 0.645723 0.239740 0.093129 0.030973
19 0.294231 0.334052 0.168791 0.144805
5 0.300908 0.501773 0.142298 0.234372
15 0.300908 0.501773 0.142298 0.234372
0 0.540282 0.363488 0.108003 0.103017
19 0.300783 0.303515 0.239135 0.179429
17 0.275384 0.248498 0.178961 0.110658
17 0.638600 0.238241 0.127982 0.023693
19 0.761363 0.366785 0.191068 0.057110
0 0.537632 0.353047 0.116306 0.091206
5 0.298094 0.542913 0.165032 0.197486