0 0.585762 0.289891 0.109695 0.129458
3 0.568785 0.718604 0.369997 0.129459
17 0.156636 0.788070 0.067969 0.070476
16 0.156636 0.788070 0.067969 0.070476
17 0.317153 0.158461 0.145366 0.063449
19 0.354874 0.237772 0.112857 0.159944
15 0.257657 0.292960 0.030054 0.029742
19 0.257657 0.292960 0.030054 0.029742
15 0.280351 0.230502 0.020241 0.022472
19 0.280351 0.230502 0.020241 0.022472
11 0.689484 0.306360 0.068169 0.180304
11 0.754168 0.487082 0.061199 0.082641
19 0.269997 0.517904 0.025091 0.054076
17 0.166149 0.757156 0.049520 0.091475
17 0.883679 0.855711 0.029307 0.046825
19 0.718443 0.379277 0.185952 0.365899
19 0.333404 0.283447 0.198079 0.226511
19 0.712210 0.376346 0.184787 0.333686
19 0.337572 0.227233 0.205037 0.173662
17 0.162805 0.766584 0.057844 0.097071
16 0.162805 0.766584 0.057844 0.097071