17 0.713584 0.690143 0.058890 0.056873
16 0.281331 0.658861 0.246553 0.231558
11 0.278583 0.603612 0.162535 0.052810
16 0.295922 0.677793 0.294020 0.200258
3 0.513562 0.672485 0.361566 0.138820
10 0.731336 0.302328 0.099993 0.082775
10 0.323750 0.288883 0.222760 0.169691
16 0.267261 0.659403 0.227199 0.243120
11 0.686474 0.354803 0.119106 0.079338
19 0.686474 0.354803 0.119106 0.079338
11 0.260671 0.357498 0.102729 0.047756
19 0.260671 0.357498 0.102729 0.047756
10 0.299067 0.242236 0.051384 0.061441
11 0.299067 0.242236 0.051384 0.061441
17 0.288219 0.195861 0.065087 0.040763
21 0.441774 0.289225 0.034239 0.136920