19 0.224159 0.476413 0.120146 0.094597
2 0.224159 0.476413 0.120146 0.094597
19 0.680627 0.379868 0.175109 0.097911
2 0.680627 0.379868 0.175109 0.097911
2 0.224922 0.466740 0.133773 0.095354
2 0.680334 0.370115 0.175564 0.060410
19 0.600937 0.248607 0.086615 0.079065
2 0.600937 0.248607 0.086615 0.079065
19 0.600705 0.246910 0.067904 0.087914
15 0.720425 0.348761 0.026806 0.020012
2 0.752142 0.360554 0.015187 0.013580
20 0.242886 0.336968 0.031270 0.045029
20 0.107643 0.607380 0.039905 0.040684
20 0.077910 0.665906 0.043034 0.040063
20 0.149112 0.455587 0.038339 0.041312
20 0.211316 0.425856 0.040687 0.025663
20 0.142126 0.543811 0.041098 0.047170
19 0.222748 0.479283 0.070212 0.062892
19 0.677027 0.349180 0.059410 0.033126
5 0.302192 0.622981 0.103486 0.074073