17 0.834924 0.628405 0.111179 0.154347
16 0.834924 0.628405 0.111179 0.154347
11 0.308142 0.562670 0.098060 0.096490
11 0.190559 0.615518 0.095213 0.146622
16 0.849183 0.625531 0.113932 0.096483
11 0.744825 0.540956 0.199559 0.167271
11 0.297211 0.481461 0.270695 0.293159
0 0.580835 0.362032 0.118817 0.106042
16 0.874295 0.629276 0.070369 0.169560
10 0.745141 0.558824 0.221947 0.151203
10 0.280123 0.497000 0.239069 0.245248
3 0.573441 0.598384 0.447841 0.156739
13 0.747302 0.567088 0.085228 0.125823