16 0.164617 0.536795 0.091931 0.083243
0 0.530059 0.234344 0.086176 0.068398
3 0.543385 0.514080 0.397240 0.060160
0 0.525328 0.240036 0.095924 0.087948
3 0.546345 0.502156 0.372917 0.105194
17 0.145406 0.534920 0.062512 0.060354
16 0.145406 0.534920 0.062512 0.060354
17 0.609588 0.116873 0.079401 0.032870
17 0.158314 0.533030 0.064066 0.086559
16 0.158314 0.533030 0.064066 0.086559
8 0.334140 0.415717 0.082574 0.086559
3 0.548405 0.513099 0.385819 0.071753
17 0.612472 0.119590 0.092539 0.031891
11 0.303531 0.493736 0.126708 0.051250
21 0.303531 0.493736 0.126708 0.051250