19 0.337729 0.227064 0.082569 0.128440
17 0.224197 0.634173 0.052752 0.077982
16 0.224197 0.634173 0.052752 0.077982
19 0.758078 0.273242 0.043265 0.044288
19 0.373173 0.224960 0.150132 0.132886
17 0.645610 0.149064 0.100804 0.035035
17 0.414808 0.157362 0.161654 0.060236
19 0.307826 0.414141 0.080794 0.062689
15 0.351383 0.233216 0.014564 0.011399
19 0.319086 0.255065 0.034198 0.058262
15 0.357821 0.281961 0.017341 0.012386
19 0.345568 0.336246 0.085329 0.068335
19 0.663369 0.412049 0.049499 0.032529
7 0.387699 0.356821 0.148261 0.188331
0 0.596958 0.318281 0.087848 0.088764