15 0.357068 0.376111 0.149439 0.153155
11 0.357068 0.376111 0.149439 0.153155
11 0.329223 0.564535 0.091893 0.088177
19 0.316228 0.169586 0.108600 0.081681
11 0.796945 0.762731 0.066917 0.046986
5 0.366697 0.375663 0.173057 0.162145
15 0.366697 0.375663 0.173057 0.162145
10 0.319914 0.182186 0.128910 0.086341
11 0.319914 0.182186 0.128910 0.086341
5 0.361239 0.374427 0.143349 0.157110
15 0.361239 0.374427 0.143349 0.157110
17 0.179472 0.756880 0.029817 0.066514
16 0.179472 0.756880 0.029817 0.066514
17 0.268200 0.190599 0.075553 0.110631
17 0.373435 0.107626 0.160552 0.048570
17 0.676322 0.120106 0.106582 0.055990
19 0.788198 0.744585 0.065967 0.068604