15 0.760217 0.425690 0.195292 0.299263
19 0.760217 0.425690 0.195292 0.299263
2 0.775557 0.374633 0.072594 0.033364
19 0.303325 0.290956 0.226747 0.256918
2 0.303325 0.290956 0.226747 0.256918
19 0.824910 0.715868 0.089547 0.180625
2 0.824910 0.715868 0.089547 0.180625
19 0.737618 0.394377 0.225849 0.284539
2 0.737618 0.394377 0.225849 0.284539
2 0.815226 0.732372 0.096792 0.132785
19 0.301603 0.280215 0.271730 0.278806
2 0.301603 0.280215 0.271730 0.278806
19 0.728368 0.413953 0.245472 0.266599
2 0.728368 0.413953 0.245472 0.266599
19 0.302316 0.295078 0.278670 0.297435
2 0.302316 0.295078 0.278670 0.297435