0 0.548830 0.282178 0.094606 0.143437
19 0.698748 0.368773 0.083161 0.041960
19 0.305268 0.327394 0.154386 0.043982
17 0.203167 0.522394 0.076744 0.078538
16 0.203167 0.522394 0.076744 0.078538
10 0.309710 0.326323 0.158574 0.074756
19 0.309710 0.326323 0.158574 0.074756
17 0.189716 0.516300 0.067453 0.071950
16 0.189716 0.516300 0.067453 0.071950
19 0.697869 0.369521 0.080186 0.025866
17 0.228074 0.518508 0.104338 0.064906
16 0.228074 0.518508 0.104338 0.064906
11 0.702511 0.370146 0.076702 0.022624
19 0.304857 0.323680 0.167754 0.075049
19 0.345602 0.453774 0.097358 0.111839