17 0.871011 0.793865 0.050356 0.056868
17 0.120138 0.750028 0.079975 0.082937
17 0.108859 0.782003 0.043419 0.062674
17 0.864143 0.793017 0.037721 0.048285
0 0.531372 0.302110 0.108134 0.096038
17 0.311604 0.111243 0.103552 0.038122
19 0.210210 0.615677 0.121424 0.104236
17 0.102121 0.764094 0.040914 0.056924
16 0.102121 0.764094 0.040914 0.056924
19 0.682832 0.476665 0.062782 0.037670
19 0.661406 0.370931 0.153533 0.126172
17 0.862483 0.783076 0.033516 0.057688
16 0.862483 0.783076 0.033516 0.057688