21 0.541325 0.562375 0.429663 0.052461
21 0.185964 0.083918 0.244585 0.179250
21 0.656319 0.061512 0.224323 0.108831
3 0.527285 0.510274 0.466017 0.134503
21 0.675685 0.058338 0.159614 0.114249
21 0.204103 0.085937 0.203143 0.169448
21 0.540907 0.568776 0.431798 0.063013
21 0.344367 0.482853 0.080730 0.142180
3 0.529166 0.499426 0.461472 0.127292
21 0.369077 0.560779 0.169811 0.038988
21 0.635461 0.061353 0.269625 0.104358
21 0.275098 0.086583 0.285179 0.168578
21 0.631571 0.365826 0.168511 0.155963
21 0.716479 0.620987 0.325363 0.097479