10 0.307673 0.347546 0.211755 0.335397
19 0.307673 0.347546 0.211755 0.335397
10 0.712710 0.404740 0.250633 0.488828
19 0.712710 0.404740 0.250633 0.488828
17 0.108863 0.890030 0.037913 0.031821
10 0.710493 0.421694 0.269155 0.450578
9 0.710493 0.421694 0.269155 0.450578
10 0.321565 0.261451 0.242928 0.231065
9 0.321565 0.261451 0.242928 0.231065
17 0.266923 0.231920 0.098864 0.103051
17 0.127805 0.897512 0.083631 0.094516
16 0.127805 0.897512 0.083631 0.094516
10 0.734779 0.414150 0.286142 0.488687
11 0.734779 0.414150 0.286142 0.488687
19 0.734779 0.414150 0.286142 0.488687
10 0.319878 0.290769 0.257526 0.319340
19 0.319878 0.290769 0.257526 0.319340
17 0.111678 0.877770 0.049179 0.042581
16 0.111678 0.877770 0.049179 0.042581
17 0.852749 0.932183 0.059355 0.056776
16 0.852749 0.932183 0.059355 0.056776