17 0.706915 0.231423 0.185335 0.112789
19 0.752054 0.369333 0.172862 0.152335
14 0.525772 0.220134 0.106282 0.222912
19 0.256899 0.366854 0.062649 0.046036
19 0.319284 0.283637 0.078969 0.059694
21 0.098837 0.148029 0.015267 0.015682
14 0.550205 0.284384 0.094265 0.209709
1 0.731049 0.343949 0.195700 0.226447
19 0.731049 0.343949 0.195700 0.226447
17 0.678281 0.222849 0.215167 0.106332
19 0.303787 0.323765 0.160864 0.115192
17 0.685498 0.220957 0.175423 0.104784
17 0.313316 0.268794 0.234687 0.198180
1 0.732317 0.354784 0.205054 0.265376
19 0.732317 0.354784 0.205054 0.265376
14 0.601934 0.257973 0.169495 0.310936
19 0.318058 0.317767 0.144607 0.111617
17 0.888776 0.852506 0.050965 0.135534