3 0.579028 0.539021 0.432568 0.157621
0 0.518338 0.237185 0.136858 0.125934
0 0.537713 0.261349 0.130042 0.167315
3 0.579328 0.520104 0.431749 0.153051
19 0.305675 0.417494 0.093515 0.073797
19 0.264395 0.345726 0.055355 0.047145
0 0.517773 0.222739 0.119335 0.114658
3 0.574922 0.567600 0.432977 0.119755
17 0.783026 0.544340 0.070922 0.042059
15 0.551053 0.329908 0.044563 0.046837
21 0.551053 0.329908 0.044563 0.046837
15 0.520724 0.234645 0.095595 0.107804
21 0.520724 0.234645 0.095595 0.107804
17 0.337945 0.133574 0.062369 0.025883
19 0.289811 0.393326 0.132769 0.099577
19 0.236703 0.472777 0.130644 0.080509
15 0.408255 0.151204 0.045939 0.062314
21 0.408255 0.151204 0.045939 0.062314