17 0.849972 0.725128 0.051035 0.059151
16 0.849972 0.725128 0.051035 0.059151
15 0.780710 0.668029 0.017824 0.033684
1 0.674462 0.226286 0.255362 0.097036
19 0.685563 0.298138 0.069101 0.034213
15 0.745798 0.693163 0.039728 0.027339
1 0.679270 0.244569 0.243677 0.154575
3 0.617152 0.611896 0.358055 0.188869
11 0.680334 0.254481 0.254679 0.174058
17 0.680334 0.254481 0.254679 0.174058
2 0.624807 0.218105 0.044624 0.032528
3 0.613936 0.668225 0.355306 0.116926
17 0.762398 0.679555 0.068451 0.047365
2 0.762398 0.679555 0.068451 0.047365
15 0.602406 0.415039 0.032327 0.021370
19 0.691536 0.348303 0.088583 0.107384
17 0.847886 0.717923 0.039574 0.070867
16 0.847886 0.717923 0.039574 0.070867