19 0.705933 0.446078 0.145234 0.058094
0 0.559145 0.371387 0.090252 0.086310
1 0.339414 0.327502 0.081231 0.124412
19 0.339414 0.327502 0.081231 0.124412
1 0.306597 0.469462 0.172233 0.115694
19 0.306597 0.469462 0.172233 0.115694
19 0.714768 0.443432 0.126593 0.034649
10 0.299335 0.476778 0.188297 0.097382
19 0.299335 0.476778 0.188297 0.097382
10 0.342223 0.345328 0.094236 0.161358
19 0.342223 0.345328 0.094236 0.161358
19 0.709920 0.459002 0.151723 0.096608
17 0.325952 0.402366 0.189499 0.263192
2 0.325952 0.402366 0.189499 0.263192
0 0.541348 0.377645 0.129032 0.102592