19 0.240105 0.236715 0.349305 0.432145
7 0.263067 0.595563 0.414713 0.328889
14 0.448122 0.191754 0.177604 0.178097
10 0.285725 0.267631 0.254924 0.312648
11 0.285725 0.267631 0.254924 0.312648
19 0.285725 0.267631 0.254924 0.312648
12 0.227373 0.267785 0.104802 0.076540
12 0.272693 0.165299 0.104802 0.076540
17 0.238284 0.152109 0.247111 0.069648
14 0.470705 0.225714 0.141698 0.327661
7 0.234505 0.622947 0.315406 0.238038
17 0.291166 0.110681 0.277207 0.149150
19 0.251601 0.250077 0.266423 0.276245
21 0.251601 0.250077 0.266423 0.276245
13 0.251601 0.250077 0.266423 0.276245
21 0.133654 0.529714 0.171139 0.149137
17 0.243811 0.724976 0.386383 0.106034
19 0.251203 0.629427 0.049793 0.165341