17 0.935751 0.645972 0.066988 0.053590
16 0.935751 0.645972 0.066988 0.053590
0 0.702075 0.299741 0.131641 0.133977
19 0.853624 0.342906 0.143689 0.164709
0 0.703787 0.295892 0.134787 0.119383
17 0.949293 0.654045 0.054557 0.052632
16 0.949293 0.654045 0.054557 0.052632
17 0.725582 0.102810 0.063203 0.023511
0 0.698370 0.297120 0.143850 0.126586
19 0.859820 0.384753 0.188442 0.078528
19 0.869644 0.278265 0.034201 0.033847
11 0.861806 0.513889 0.068038 0.047021
17 0.948162 0.645132 0.045091 0.074396
16 0.948162 0.645132 0.045091 0.074396