3 0.632099 0.686240 0.609070 0.418236
6 0.254146 0.509355 0.503540 0.711984
6 0.787257 0.496789 0.396433 0.742695
2 0.637312 0.349787 0.119969 0.098459
3 0.620689 0.645165 0.537684 0.191868
10 0.269142 0.508229 0.267607 0.506917
11 0.269142 0.508229 0.267607 0.506917
10 0.792106 0.378209 0.220495 0.292959
11 0.792106 0.378209 0.220495 0.292959
3 0.616189 0.663046 0.568034 0.456181
2 0.628105 0.339556 0.111223 0.117949
6 0.277710 0.504599 0.454825 0.737178
6 0.775079 0.539895 0.341613 0.723303
21 0.288477 0.333484 0.091362 0.060709
21 0.891269 0.330883 0.081433 0.058974
21 0.293213 0.454852 0.577491 0.673917