15 0.239414 0.258267 0.077079 0.056769
15 0.670076 0.355167 0.079527 0.074388
0 0.521376 0.218967 0.102726 0.070345
3 0.526306 0.474049 0.410070 0.109792
3 0.525868 0.454733 0.418186 0.122437
0 0.525866 0.239174 0.109935 0.105193
15 0.306075 0.165517 0.038328 0.029747
15 0.237714 0.258900 0.086149 0.058477
15 0.343676 0.317860 0.061321 0.046332
15 0.338669 0.256090 0.043914 0.041458
15 0.661580 0.350444 0.089470 0.094917
15 0.732604 0.311899 0.047196 0.031120
15 0.769002 0.407465 0.035599 0.028479
0 0.524147 0.252548 0.118425 0.132285
3 0.525783 0.457712 0.416378 0.087729
15 0.666942 0.351105 0.090213 0.085749
15 0.238026 0.257730 0.079605 0.066064
11 0.349586 0.286551 0.076540 0.158280