17 0.376455 0.280505 0.132331 0.038925
17 0.666255 0.261880 0.125027 0.028462
0 0.576027 0.463624 0.085500 0.086221
19 0.458985 0.450827 0.042193 0.113269
19 0.354977 0.468509 0.103027 0.032019
11 0.310666 0.685852 0.221963 0.236793
19 0.310666 0.685852 0.221963 0.236793
20 0.801545 0.467485 0.037934 0.042013
19 0.312633 0.468121 0.073637 0.062673
19 0.287054 0.660298 0.197657 0.039264
19 0.339375 0.718442 0.223237 0.021144
11 0.369497 0.669909 0.188524 0.282811
5 0.372600 0.720960 0.158927 0.159883
17 0.379532 0.278741 0.151636 0.035922
17 0.666062 0.264812 0.131696 0.034456
10 0.339178 0.685898 0.252367 0.243069
19 0.339178 0.685898 0.252367 0.243069
19 0.350540 0.466026 0.100968 0.042274
19 0.458167 0.454723 0.042967 0.122638