11 0.195271 0.315552 0.036216 0.042804
15 0.766763 0.276135 0.024525 0.042768
15 0.741588 0.326822 0.023217 0.027983
0 0.553571 0.320736 0.135533 0.086546
19 0.757285 0.364378 0.087594 0.216258
19 0.186108 0.373984 0.092831 0.154836
19 0.198818 0.312073 0.031035 0.036447
17 0.052106 0.847949 0.039499 0.035307
16 0.052106 0.847949 0.039499 0.035307
17 0.909805 0.832574 0.033858 0.034168
16 0.909805 0.832574 0.033858 0.034168
19 0.755335 0.361618 0.066302 0.217541
11 0.400460 0.251916 0.072490 0.172960
21 0.400460 0.251916 0.072490 0.172960