16 0.131961 0.778918 0.187092 0.215219
15 0.165678 0.499325 0.030715 0.018834
19 0.838390 0.416421 0.149717 0.088169
11 0.352554 0.226911 0.100603 0.121704
16 0.091692 0.743114 0.123150 0.116953
10 0.358038 0.212662 0.082671 0.110389
11 0.358038 0.212662 0.082671 0.110389
10 0.840030 0.413479 0.154726 0.095550
19 0.840030 0.413479 0.154726 0.095550
0 0.569879 0.359357 0.111933 0.104780
16 0.096881 0.734139 0.109496 0.198346
19 0.845211 0.417094 0.103183 0.070231
15 0.166391 0.493514 0.029025 0.022323