19 0.187323 0.433450 0.049425 0.015330
15 0.287115 0.180020 0.026849 0.012378
19 0.287115 0.180020 0.026849 0.012378
19 0.771168 0.325977 0.112951 0.074268
17 0.771168 0.325977 0.112951 0.074268
7 0.704227 0.319382 0.110434 0.153930
19 0.202667 0.438266 0.087042 0.035108
19 0.322517 0.210520 0.094658 0.077103
19 0.782467 0.329616 0.111871 0.066088
19 0.780625 0.328351 0.103733 0.070757
19 0.184435 0.430554 0.068791 0.018344
17 0.099129 0.734750 0.037415 0.038486
16 0.099129 0.734750 0.037415 0.038486
19 0.287806 0.181869 0.025656 0.023945
21 0.287806 0.181869 0.025656 0.023945