3 0.596795 0.680996 0.336735 0.167220
21 0.279534 0.329948 0.020616 0.046960
21 0.183325 0.305322 0.043523 0.018326
17 0.245746 0.714212 0.040087 0.077884
16 0.245746 0.714212 0.040087 0.077884
9 0.354555 0.438756 0.218762 0.505099
9 0.722212 0.510911 0.266865 0.626504
15 0.764404 0.318676 0.036686 0.036170
9 0.728498 0.523749 0.205394 0.549423
9 0.354300 0.451862 0.227214 0.503210
3 0.598846 0.655970 0.338896 0.189987
3 0.599635 0.664658 0.335137 0.170059
17 0.242097 0.703534 0.037110 0.062158
16 0.242097 0.703534 0.037110 0.062158
19 0.704692 0.513931 0.233057 0.598530
21 0.704692 0.513931 0.233057 0.598530
9 0.704692 0.513931 0.233057 0.598530
19 0.366762 0.447723 0.243650 0.478825
21 0.366762 0.447723 0.243650 0.478825
9 0.366762 0.447723 0.243650 0.478825