10 0.283529 0.449908 0.141308 0.323694
11 0.283529 0.449908 0.141308 0.323694
10 0.701291 0.361590 0.204567 0.452679
11 0.701291 0.361590 0.204567 0.452679
0 0.547214 0.266552 0.090612 0.113267
3 0.558369 0.510431 0.315059 0.110270
9 0.661289 0.351468 0.246602 0.439741
9 0.331484 0.343276 0.223320 0.428532
17 0.372877 0.096701 0.117196 0.027624
17 0.566685 0.096946 0.073656 0.028114
0 0.547767 0.270862 0.108490 0.127130
19 0.306146 0.293510 0.080292 0.039190
10 0.316975 0.433740 0.173966 0.119004
19 0.316975 0.433740 0.173966 0.119004
19 0.328592 0.345174 0.121513 0.066676