15 0.344275 0.632441 0.169424 0.221035
11 0.255653 0.612109 0.224162 0.272122
17 0.104474 0.815420 0.101655 0.067771
16 0.104474 0.815420 0.101655 0.067771
17 0.898637 0.888891 0.054974 0.039983
16 0.898637 0.888891 0.054974 0.039983
3 0.549578 0.676326 0.575541 0.265569
17 0.093445 0.838278 0.073226 0.066951
16 0.093445 0.838278 0.073226 0.066951
5 0.236506 0.617497 0.232804 0.258674
11 0.236506 0.617497 0.232804 0.258674
17 0.906578 0.885415 0.053234 0.066010
16 0.906578 0.885415 0.053234 0.066010
17 0.086104 0.822599 0.078521 0.102212
16 0.086104 0.822599 0.078521 0.102212
19 0.209628 0.639825 0.161083 0.222476
3 0.551549 0.703649 0.583543 0.189653
21 0.684518 0.487252 0.089661 0.106983