21 0.490252 0.362960 0.043577 0.324543
0 0.565941 0.225344 0.075690 0.074541
19 0.710436 0.344610 0.100918 0.202981
2 0.710436 0.344610 0.100918 0.202981
3 0.563503 0.495457 0.299642 0.126071
17 0.626104 0.115591 0.079772 0.026385
17 0.435046 0.118526 0.112949 0.054591
2 0.702804 0.285868 0.084678 0.087132
21 0.503913 0.370958 0.136979 0.354953
19 0.707371 0.328390 0.099365 0.164840
2 0.707371 0.328390 0.099365 0.164840
0 0.563330 0.231335 0.076257 0.080109
17 0.445861 0.110016 0.098597 0.050068
21 0.461265 0.232529 0.036156 0.148639