19 0.324513 0.366336 0.170860 0.285444
2 0.324513 0.366336 0.170860 0.285444
19 0.661298 0.375630 0.086512 0.304439
17 0.781405 0.891923 0.016925 0.025062
14 0.533684 0.503009 0.154072 0.463202
19 0.672215 0.408072 0.199702 0.415957
19 0.345556 0.351060 0.213465 0.257944
17 0.178414 0.841898 0.068392 0.080904
1 0.688349 0.364106 0.170693 0.313074
19 0.688349 0.364106 0.170693 0.313074
14 0.557093 0.232224 0.058861 0.189219
21 0.711306 0.585434 0.143617 0.163991
19 0.336081 0.373456 0.207218 0.273175
2 0.336081 0.373456 0.207218 0.273175
11 0.301062 0.719991 0.095437 0.065475
17 0.776901 0.877127 0.049735 0.047142
16 0.776901 0.877127 0.049735 0.047142
17 0.171348 0.815582 0.045702 0.044522
16 0.171348 0.815582 0.045702 0.044522
19 0.652718 0.740732 0.033768 0.077749