21 0.624173 0.488074 0.085543 0.349853
11 0.318820 0.291177 0.215928 0.252535
16 0.269567 0.425564 0.365623 0.627007
16 0.269558 0.555678 0.306866 0.288849
5 0.306747 0.487605 0.199370 0.141652
5 0.260988 0.332838 0.156636 0.120357
10 0.337678 0.294497 0.235201 0.246093
17 0.314830 0.173944 0.237445 0.144656
10 0.805104 0.511706 0.212988 0.235737
5 0.260169 0.285047 0.213940 0.247888
11 0.260169 0.285047 0.213940 0.247888
19 0.260169 0.285047 0.213940 0.247888
19 0.837467 0.488205 0.098482 0.048457
16 0.263120 0.490887 0.315842 0.289186
21 0.263120 0.490887 0.315842 0.289186
0 0.586340 0.308019 0.156444 0.122722