14 0.459752 0.197662 0.137483 0.301821
1 0.283630 0.229630 0.291972 0.118090
19 0.791667 0.331767 0.068682 0.044606
15 0.730837 0.234276 0.049061 0.038133
15 0.672457 0.230679 0.024531 0.038133
15 0.233299 0.375044 0.195653 0.162788
19 0.233299 0.375044 0.195653 0.162788
15 0.237503 0.585584 0.219316 0.195531
19 0.237503 0.585584 0.219316 0.195531
19 0.878218 0.403890 0.022747 0.023152
14 0.446511 0.294024 0.154031 0.300920
2 0.797359 0.332198 0.058694 0.040021
19 0.709282 0.218476 0.097518 0.113711
2 0.709282 0.218476 0.097518 0.113711
2 0.216276 0.568336 0.127687 0.169147
17 0.278047 0.243670 0.315906 0.156371
19 0.254749 0.337781 0.225084 0.136099
2 0.254749 0.337781 0.225084 0.136099
11 0.256822 0.220183 0.253343 0.103211
17 0.256822 0.220183 0.253343 0.103211
19 0.263859 0.327408 0.242396 0.198395
19 0.733014 0.271789 0.176714 0.162845
2 0.733014 0.271789 0.176714 0.162845
17 0.719131 0.155519 0.119151 0.042181