18 0.750055 0.270681 0.157326 0.172505
10 0.801845 0.560428 0.227038 0.510833
10 0.366536 0.287702 0.204077 0.213047
19 0.366536 0.287702 0.204077 0.213047
10 0.398389 0.572196 0.135340 0.156307
17 0.375208 0.159876 0.133898 0.078764
17 0.706016 0.196304 0.230386 0.133899
10 0.361916 0.300667 0.249092 0.222510
19 0.361916 0.300667 0.249092 0.222510
10 0.757179 0.527520 0.243953 0.436196
11 0.757179 0.527520 0.243953 0.436196
13 0.726492 0.266055 0.194954 0.190368
10 0.366973 0.268348 0.262615 0.261467
19 0.366973 0.268348 0.262615 0.261467
17 0.704702 0.196674 0.252292 0.154816
10 0.756307 0.512041 0.220184 0.404816
19 0.756307 0.512041 0.220184 0.404816
9 0.756307 0.512041 0.220184 0.404816