17 0.854871 0.673370 0.052234 0.078869
16 0.854871 0.673370 0.052234 0.078869
11 0.738839 0.308735 0.028774 0.049294
21 0.738839 0.308735 0.028774 0.049294
11 0.309505 0.507310 0.048284 0.055579
21 0.761093 0.572636 0.046192 0.046095
15 0.312065 0.514411 0.058725 0.059966
15 0.686316 0.202127 0.024976 0.021587
15 0.703850 0.228101 0.016475 0.018779
15 0.732125 0.276173 0.023460 0.022044
15 0.735361 0.315050 0.023460 0.021242
15 0.625949 0.254330 0.027503 0.022444
15 0.761274 0.566978 0.050204 0.053301
16 0.852614 0.671984 0.076509 0.085656
17 0.856223 0.655528 0.068672 0.100850
16 0.856223 0.655528 0.068672 0.100850