0 0.596324 0.270177 0.128005 0.145227
3 0.589617 0.567184 0.463257 0.110285
19 0.190497 0.282119 0.059662 0.014625
19 0.783824 0.378263 0.067966 0.047674
19 0.188997 0.286264 0.120388 0.053916
0 0.583125 0.282414 0.146188 0.154045
0 0.583278 0.259092 0.148133 0.107568
3 0.595460 0.565777 0.479857 0.135685
8 0.343964 0.436589 0.060568 0.081008
11 0.091928 0.613830 0.054960 0.107535
17 0.091928 0.613830 0.054960 0.107535
19 0.347404 0.478686 0.165944 0.064520
19 0.211703 0.273637 0.162102 0.128368