17 0.094482 0.744635 0.032738 0.040534
16 0.094482 0.744635 0.032738 0.040534
17 0.855379 0.714943 0.103494 0.090492
16 0.855379 0.714943 0.103494 0.090492
17 0.821585 0.534430 0.086597 0.234714
2 0.152038 0.633879 0.067589 0.130081
2 0.772442 0.677537 0.096386 0.043018
11 0.260261 0.539492 0.118652 0.124759
17 0.818992 0.536143 0.077772 0.286120
11 0.244619 0.613066 0.242783 0.252350
17 0.280043 0.146182 0.104912 0.072360
17 0.646637 0.130221 0.120408 0.063847
17 0.823678 0.545757 0.083454 0.384144
11 0.767496 0.583618 0.138851 0.191982
19 0.767496 0.583618 0.138851 0.191982
17 0.107265 0.722135 0.057175 0.060755
16 0.107265 0.722135 0.057175 0.060755
5 0.257009 0.593338 0.223255 0.221143
10 0.257009 0.593338 0.223255 0.221143
9 0.257009 0.593338 0.223255 0.221143