0 0.572093 0.335234 0.127101 0.111732
15 0.230724 0.727783 0.042257 0.032555
15 0.119878 0.693569 0.058179 0.025936
15 0.197654 0.500706 0.026334 0.029797
15 0.207453 0.585689 0.033682 0.036423
17 0.334008 0.157412 0.136485 0.030320
2 0.197173 0.503060 0.022515 0.030939
2 0.206460 0.583452 0.029833 0.036520
2 0.232353 0.724452 0.039965 0.038548
2 0.120902 0.691991 0.061354 0.022317
2 0.197104 0.502073 0.025893 0.030431
2 0.205266 0.585507 0.035462 0.039057
2 0.232847 0.723717 0.043342 0.032459
2 0.120552 0.691765 0.061917 0.027388
0 0.577129 0.344375 0.123515 0.129285