0 0.617245 0.299746 0.151194 0.106512
19 0.282881 0.230311 0.280673 0.152761
17 0.765618 0.180121 0.175787 0.095900
19 0.773155 0.271962 0.236882 0.160086
19 0.326187 0.248553 0.303337 0.197841
17 0.683078 0.175156 0.139752 0.045173
19 0.361957 0.225816 0.094996 0.164044
19 0.207299 0.260502 0.072985 0.058762
17 0.789438 0.194803 0.157556 0.092223
0 0.618560 0.293147 0.137860 0.101200
1 0.661428 0.218879 0.084569 0.096304
19 0.661428 0.218879 0.084569 0.096304
14 0.589019 0.169910 0.129752 0.130582