19 0.718635 0.349880 0.224605 0.338133
19 0.290483 0.334890 0.255545 0.261256
17 0.367325 0.171810 0.175129 0.030398
19 0.712015 0.300629 0.220582 0.202818
19 0.320645 0.320320 0.225935 0.279612
17 0.374530 0.174635 0.189592 0.043436
17 0.744742 0.213444 0.136654 0.088615
17 0.342502 0.181701 0.130645 0.030136
17 0.679360 0.203885 0.178898 0.066131
19 0.707349 0.266151 0.123189 0.134776
10 0.286517 0.360222 0.164831 0.202079
19 0.286517 0.360222 0.164831 0.202079
0 0.558996 0.322806 0.116008 0.105202