17 0.111974 0.823687 0.045879 0.034369
19 0.329406 0.317979 0.293116 0.287087
19 0.749244 0.328129 0.234581 0.311806
21 0.691561 0.582600 0.152795 0.082975
19 0.764876 0.289105 0.233500 0.247288
2 0.764876 0.289105 0.233500 0.247288
19 0.316001 0.313341 0.310267 0.295760
2 0.316001 0.313341 0.310267 0.295760
15 0.741573 0.666366 0.189551 0.141740
17 0.689897 0.184365 0.199322 0.062314
0 0.594473 0.364193 0.118450 0.088339
2 0.618972 0.375188 0.028545 0.022359
3 0.598706 0.685487 0.469564 0.124319
19 0.857161 0.348253 0.071360 0.027491
19 0.846933 0.386191 0.082296 0.035188
19 0.324750 0.318707 0.285474 0.305339
17 0.324750 0.318707 0.285474 0.305339
2 0.324750 0.318707 0.285474 0.305339
17 0.113408 0.830336 0.047759 0.067867
16 0.113408 0.830336 0.047759 0.067867
17 0.901866 0.797256 0.030419 0.057342
16 0.901866 0.797256 0.030419 0.057342