7 0.506291 0.533384 0.759097 0.778303
19 0.703235 0.296174 0.161588 0.181094
19 0.253512 0.265700 0.099072 0.076471
7 0.309289 0.532164 0.340705 0.760234
19 0.309289 0.532164 0.340705 0.760234
6 0.727137 0.538013 0.336423 0.752438
9 0.727137 0.538013 0.336423 0.752438
19 0.301093 0.288571 0.327950 0.319090
16 0.301093 0.288571 0.327950 0.319090
19 0.686789 0.313217 0.240973 0.352816
17 0.686789 0.313217 0.240973 0.352816
19 0.291720 0.770945 0.301309 0.319575
13 0.291720 0.770945 0.301309 0.319575
19 0.748548 0.738734 0.304087 0.260209
13 0.748548 0.738734 0.304087 0.260209