5 0.697878 0.342327 0.190573 0.133436
11 0.697878 0.342327 0.190573 0.133436
21 0.825211 0.282518 0.007229 0.013291
21 0.064760 0.324195 0.012861 0.017508
21 0.022128 0.228363 0.013351 0.010521
5 0.711940 0.340819 0.211175 0.136162
19 0.711940 0.340819 0.211175 0.136162
17 0.370632 0.116085 0.109363 0.019673
11 0.686248 0.315947 0.224679 0.182655
19 0.686248 0.315947 0.224679 0.182655
15 0.647816 0.355553 0.109975 0.097849
17 0.909136 0.750066 0.044560 0.043629
16 0.909136 0.750066 0.044560 0.043629
17 0.096939 0.805400 0.056712 0.035116
16 0.096939 0.805400 0.056712 0.035116