18 0.179982 0.633424 0.145504 0.049701
19 0.211454 0.610536 0.107085 0.071934
16 0.162816 0.671354 0.138964 0.085014
21 0.106352 0.562998 0.132410 0.859010
21 0.564970 0.058897 0.623106 0.104175
11 0.261999 0.419461 0.301487 0.492535
18 0.176329 0.624054 0.157528 0.075809
16 0.196635 0.677219 0.244907 0.077778
21 0.719870 0.077117 0.157569 0.108469
21 0.230110 0.294131 0.418434 0.557356
21 0.066872 0.776875 0.089780 0.408958
21 0.980126 0.639111 0.040573 0.081924
21 0.980117 0.631299 0.031311 0.102979
17 0.350684 0.146406 0.181904 0.027492
0 0.581706 0.290901 0.104010 0.100436
18 0.176886 0.601753 0.168470 0.120917
13 0.176886 0.601753 0.168470 0.120917
17 0.107885 0.662450 0.040026 0.054962
16 0.107885 0.662450 0.040026 0.054962
19 0.258686 0.457363 0.073311 0.021628
19 0.305651 0.503549 0.084766 0.012097
21 0.330072 0.063370 0.125934 0.108060
21 0.060353 0.714877 0.118286 0.552003
21 0.115154 0.276552 0.189917 0.320118
21 0.050156 0.061651 0.094451 0.038186
19 0.269012 0.621377 0.213060 0.062316