17 0.753418 0.612187 0.061504 0.094531
16 0.753418 0.612187 0.061504 0.094531
21 0.249430 0.420273 0.146925 0.296127
21 0.285308 0.182232 0.093395 0.143508
21 0.734624 0.398063 0.115036 0.199316
17 0.636105 0.162870 0.088838 0.034169
0 0.559225 0.339408 0.101367 0.100228
0 0.558193 0.350288 0.112409 0.125342
16 0.754385 0.618045 0.066211 0.083636
9 0.296570 0.501493 0.211885 0.252673
9 0.690498 0.478115 0.138275 0.273561
21 0.286509 0.426410 0.059958 0.058932
21 0.290490 0.200400 0.057984 0.103761
21 0.692974 0.323818 0.038519 0.048737
21 0.707319 0.398299 0.042054 0.059346
17 0.757332 0.635784 0.099268 0.167187
16 0.757332 0.635784 0.099268 0.167187
0 0.552830 0.345998 0.110889 0.114657
2 0.575871 0.349264 0.044678 0.053828
17 0.379484 0.151381 0.090244 0.020898
17 0.615382 0.156447 0.086442 0.020265
10 0.319312 0.417910 0.210028 0.412741
10 0.704512 0.515413 0.154408 0.189499