17 0.094732 0.907110 0.097992 0.096332
16 0.094732 0.907110 0.097992 0.096332
17 0.910867 0.916858 0.117593 0.102068
16 0.910867 0.916858 0.117593 0.102068
17 0.362811 0.158257 0.172187 0.013762
17 0.923525 0.938392 0.071250 0.068744
16 0.923525 0.938392 0.071250 0.068744
17 0.101015 0.917638 0.082330 0.076524
16 0.101015 0.917638 0.082330 0.076524
17 0.094026 0.892938 0.095932 0.072892
16 0.094026 0.892938 0.095932 0.072892
19 0.806567 0.870730 0.169619 0.078588
17 0.926135 0.924830 0.080640 0.079724
16 0.926135 0.924830 0.080640 0.079724