17 0.333988 0.198441 0.205381 0.089625
11 0.293561 0.485368 0.216659 0.119070
15 0.172762 0.411748 0.130930 0.117792
11 0.172762 0.411748 0.130930 0.117792
16 0.281022 0.538021 0.350709 0.396911
17 0.345829 0.198115 0.247154 0.108454
10 0.322132 0.438783 0.232516 0.367314
16 0.276732 0.549632 0.313188 0.411027
11 0.843827 0.470875 0.108895 0.201077
16 0.271462 0.535238 0.349094 0.470232
15 0.177532 0.395504 0.116858 0.113001
11 0.177532 0.395504 0.116858 0.113001
11 0.284775 0.456866 0.180464 0.160391
11 0.336547 0.204131 0.224841 0.077764
17 0.336547 0.204131 0.224841 0.077764
16 0.907523 0.884568 0.041422 0.053460