0 0.569563 0.247722 0.123976 0.080866
2 0.398754 0.437928 0.060611 0.108200
2 0.632929 0.368450 0.088157 0.115033
17 0.896033 0.598519 0.079894 0.096810
16 0.896033 0.598519 0.079894 0.096810
2 0.388422 0.140091 0.053723 0.066059
3 0.609512 0.543851 0.413252 0.060365
0 0.575278 0.257997 0.119594 0.115585
3 0.594707 0.535303 0.385035 0.102695
2 0.635163 0.374273 0.082193 0.098165
2 0.399084 0.438835 0.042926 0.107982
9 0.287448 0.437973 0.236961 0.351483
9 0.764945 0.421236 0.239346 0.300288
2 0.388827 0.141837 0.051189 0.060179
17 0.390206 0.142750 0.053967 0.055857
2 0.390206 0.142750 0.053967 0.055857
0 0.568679 0.247230 0.134154 0.087863
21 0.926614 0.560464 0.121425 0.446351
2 0.629687 0.367223 0.096531 0.114227
2 0.397607 0.442257 0.086707 0.105622
19 0.278218 0.494466 0.117949 0.057760
3 0.614535 0.556995 0.426575 0.100326