3 0.581796 0.552654 0.414864 0.068719
19 0.684141 0.178729 0.151693 0.114773
0 0.588192 0.292040 0.078589 0.106000
0 0.569918 0.291269 0.102318 0.107776
3 0.581855 0.530014 0.412687 0.118687
17 0.641734 0.109388 0.125569 0.036466
19 0.652055 0.211219 0.177174 0.163067
17 0.320906 0.110569 0.067354 0.034090
17 0.645078 0.120466 0.186024 0.049485
10 0.686022 0.218233 0.163572 0.199406
19 0.686022 0.218233 0.163572 0.199406
0 0.559566 0.299012 0.137865 0.131636
3 0.587274 0.550595 0.431399 0.117823