17 0.301820 0.417023 0.257993 0.567035
16 0.301820 0.417023 0.257993 0.567035
3 0.596509 0.629673 0.469530 0.198912
16 0.280241 0.422698 0.106499 0.024196
11 0.278304 0.561915 0.178712 0.208332
0 0.564566 0.325568 0.092825 0.159679
17 0.328865 0.255358 0.219138 0.252887
16 0.304799 0.690506 0.303035 0.227198
19 0.276508 0.420801 0.115683 0.027851
11 0.314858 0.444985 0.199928 0.345928
5 0.724146 0.590100 0.226334 0.345930
0 0.561328 0.302130 0.107440 0.118752
17 0.328075 0.325298 0.223549 0.394074
16 0.333981 0.533989 0.289887 0.281784
10 0.311263 0.439179 0.173570 0.320982
10 0.737012 0.369363 0.086608 0.097685
3 0.601253 0.644387 0.464868 0.336275