17 0.161529 0.858874 0.076860 0.116003
16 0.161529 0.858874 0.076860 0.116003
16 0.796123 0.802759 0.114306 0.260292
11 0.729116 0.611782 0.108393 0.132974
11 0.230014 0.656107 0.093612 0.110340
18 0.713950 0.254469 0.143595 0.142536
19 0.370079 0.256384 0.159153 0.180405
0 0.593044 0.380027 0.113610 0.102041
17 0.362333 0.803242 0.043694 0.045165
19 0.361798 0.262110 0.199454 0.240313
19 0.709072 0.268408 0.193380 0.173451
16 0.756163 0.784179 0.192469 0.170955
16 0.183606 0.880256 0.141236 0.100718
11 0.721548 0.663583 0.220161 0.292874
19 0.240227 0.674327 0.192166 0.306703
0 0.597914 0.396662 0.123398 0.146340
19 0.700569 0.259403 0.214119 0.160830
19 0.354994 0.243839 0.216829 0.243839
17 0.351606 0.147860 0.153135 0.077821
19 0.275716 0.664073 0.237158 0.295721
16 0.216088 0.868353 0.196503 0.060958
11 0.724962 0.713360 0.203280 0.347600
16 0.797463 0.795072 0.112479 0.194554
0 0.594864 0.400778 0.116545 0.155642