19 0.795678 0.326976 0.205388 0.252371
19 0.319067 0.281454 0.165467 0.124049
19 0.403786 0.139462 0.074570 0.072214
15 0.723624 0.247806 0.053397 0.059654
15 0.649430 0.259580 0.028841 0.025210
15 0.811958 0.302097 0.023775 0.025658
15 0.777954 0.359595 0.019778 0.019335
19 0.349763 0.241443 0.193174 0.227431
19 0.721825 0.279969 0.227571 0.157789
10 0.345974 0.221684 0.227117 0.255696
19 0.322099 0.280691 0.198957 0.109408
10 0.747056 0.350621 0.251643 0.285652
19 0.801855 0.265980 0.060605 0.052245