2 0.693884 0.126147 0.058794 0.199541
15 0.245920 0.459864 0.030797 0.022936
2 0.245920 0.459864 0.030797 0.022936
17 0.854172 0.820528 0.062993 0.074544
16 0.854172 0.820528 0.062993 0.074544
17 0.085633 0.862958 0.048996 0.047020
16 0.085633 0.862958 0.048996 0.047020
11 0.815676 0.771216 0.086792 0.111240
0 0.526599 0.470757 0.186187 0.163990
11 0.366329 0.302102 0.152461 0.131932
19 0.366329 0.302102 0.152461 0.131932
21 0.366329 0.302102 0.152461 0.131932
11 0.458126 0.333326 0.074081 0.164476
3 0.580722 0.748800 0.453965 0.078568
21 0.221865 0.795940 0.215794 0.094280
3 0.585496 0.712712 0.430648 0.164720
0 0.572041 0.450713 0.099746 0.120622
2 0.244771 0.459490 0.029777 0.024396
2 0.696956 0.056130 0.050669 0.050881
2 0.679795 0.139816 0.035957 0.041508
2 0.701860 0.204086 0.044131 0.041508
17 0.371482 0.243795 0.157521 0.044447
17 0.623806 0.256938 0.096265 0.057352
2 0.694636 0.130010 0.062485 0.194995
0 0.569607 0.439985 0.106763 0.111358
15 0.243773 0.459104 0.032671 0.018640
3 0.588277 0.733942 0.437382 0.126748
21 0.241148 0.787158 0.167614 0.093436
15 0.145231 0.751376 0.014585 0.010992