1 0.253802 0.633380 0.305464 0.405538
11 0.253802 0.633380 0.305464 0.405538
11 0.205131 0.373046 0.150943 0.099328
16 0.205131 0.373046 0.150943 0.099328
17 0.759171 0.779394 0.028755 0.029083
19 0.247709 0.298601 0.055570 0.070700
12 0.227262 0.309469 0.096348 0.074825
1 0.248654 0.601813 0.283027 0.351733
5 0.248654 0.601813 0.283027 0.351733
21 0.222729 0.307395 0.119189 0.088320
12 0.222729 0.307395 0.119189 0.088320
1 0.274168 0.578212 0.254688 0.342644
5 0.274168 0.578212 0.254688 0.342644