0 0.596008 0.364708 0.111086 0.162839
11 0.121441 0.621506 0.064691 0.187443
21 0.121441 0.621506 0.064691 0.187443
11 0.866010 0.669235 0.037321 0.196119
21 0.866010 0.669235 0.037321 0.196119
3 0.554711 0.643186 0.423492 0.158138
0 0.585573 0.368420 0.124220 0.161744
3 0.548998 0.640564 0.426487 0.151477
17 0.296621 0.187009 0.194821 0.113744
17 0.751856 0.174871 0.116100 0.092879
19 0.345933 0.202627 0.064828 0.072743
17 0.334439 0.171629 0.207029 0.089110
17 0.694241 0.146538 0.115005 0.025103
0 0.581877 0.344637 0.139065 0.117877
3 0.553071 0.640664 0.429036 0.163837
15 0.201886 0.392618 0.018451 0.010882
15 0.249895 0.282368 0.006259 0.009487
11 0.125351 0.619934 0.055156 0.193191
17 0.125351 0.619934 0.055156 0.193191