3 0.544041 0.683500 0.421000 0.181154
15 0.678044 0.653155 0.021195 0.021161
15 0.611158 0.539741 0.037087 0.052244
15 0.581357 0.571815 0.015893 0.019837
11 0.165798 0.499402 0.011258 0.024471
1 0.308723 0.201084 0.218457 0.212972
14 0.466303 0.161852 0.110523 0.205212
2 0.603556 0.546325 0.056714 0.080043
2 0.166839 0.501271 0.012179 0.025483
2 0.677271 0.650923 0.021689 0.020675
3 0.546140 0.650431 0.414100 0.216602
1 0.311667 0.242768 0.236688 0.246168
15 0.605914 0.542972 0.035142 0.047479
15 0.677464 0.649789 0.031807 0.034989
1 0.326766 0.222481 0.230850 0.291806
11 0.326766 0.222481 0.230850 0.291806
15 0.168672 0.499604 0.016051 0.031112
21 0.168672 0.499604 0.016051 0.031112