15 0.207469 0.425732 0.011943 0.015170
15 0.334741 0.463658 0.014183 0.009235
15 0.279876 0.241379 0.098533 0.085746
15 0.360121 0.340976 0.130632 0.076511
15 0.395508 0.180961 0.079037 0.112905
15 0.206477 0.458956 0.011856 0.007758
19 0.340329 0.253182 0.238940 0.234051
2 0.340329 0.253182 0.238940 0.234051
0 0.581681 0.325678 0.100653 0.122735
16 0.378789 0.133846 0.138557 0.023459
17 0.616282 0.137511 0.020325 0.008064
17 0.100305 0.707094 0.033631 0.071991
16 0.100305 0.707094 0.033631 0.071991
15 0.206884 0.425826 0.017526 0.012555
15 0.297832 0.215503 0.027947 0.017161
15 0.254253 0.246058 0.012790 0.030555
15 0.245490 0.273264 0.014210 0.013812
15 0.204432 0.457915 0.010172 0.008345