16 0.747776 0.613988 0.200273 0.139503
11 0.192078 0.533361 0.222968 0.168847
16 0.132482 0.574924 0.263017 0.291806
21 0.352601 0.244433 0.063510 0.166831
16 0.779206 0.583439 0.099488 0.098844
16 0.067555 0.603339 0.129974 0.092427
11 0.142972 0.546854 0.206996 0.138639
16 0.805332 0.592318 0.081706 0.111240
17 0.135895 0.579128 0.262328 0.286694
16 0.135895 0.579128 0.262328 0.286694
11 0.148079 0.550458 0.200688 0.089451
19 0.352491 0.190670 0.042684 0.054233
11 0.343703 0.269509 0.070302 0.117505
21 0.343703 0.269509 0.070302 0.117505
0 0.491838 0.325752 0.107964 0.121524