19 0.294491 0.318927 0.156365 0.135638
19 0.777821 0.268641 0.139912 0.077381
17 0.316673 0.159231 0.179319 0.067645
17 0.690593 0.142985 0.155623 0.064144
0 0.565805 0.292041 0.128750 0.119384
19 0.778653 0.269352 0.090323 0.055183
19 0.327163 0.316476 0.162408 0.151023
17 0.299393 0.179799 0.194385 0.107226
17 0.714633 0.154411 0.117911 0.060296
17 0.308908 0.163662 0.176311 0.056505
17 0.706543 0.151733 0.115208 0.046041
0 0.562648 0.283368 0.133404 0.108406
2 0.608824 0.270393 0.025184 0.043111
19 0.314089 0.303909 0.183747 0.169665
11 0.773187 0.246724 0.108681 0.105057
19 0.773187 0.246724 0.108681 0.105057
17 0.773187 0.246724 0.108681 0.105057