17 0.232602 0.538762 0.049798 0.062212
17 0.530430 0.172407 0.154132 0.039190
11 0.250245 0.162131 0.142184 0.074079
14 0.377494 0.201560 0.077664 0.108968
11 0.585846 0.452269 0.144332 0.056816
11 0.644724 0.387205 0.056819 0.062312
11 0.163473 0.317424 0.089348 0.092007
3 0.447299 0.575792 0.344421 0.139160
12 0.159287 0.330814 0.059741 0.054962
0 0.450507 0.285225 0.083221 0.109691
12 0.159312 0.339387 0.053802 0.041532
17 0.531680 0.175527 0.149132 0.041531
19 0.222464 0.352726 0.196158 0.430257
14 0.364732 0.248826 0.088379 0.201764
19 0.545621 0.331270 0.219062 0.301272
11 0.531884 0.170610 0.157222 0.046616
17 0.531884 0.170610 0.157222 0.046616
11 0.236686 0.193918 0.200097 0.096750
17 0.236686 0.193918 0.200097 0.096750
17 0.075618 0.663595 0.034082 0.036941
1 0.222943 0.366309 0.183605 0.351819
19 0.222943 0.366309 0.183605 0.351819
19 0.578609 0.436672 0.175907 0.080920
17 0.663266 0.406329 0.043980 0.157440
19 0.567066 0.234377 0.183602 0.130173