0 0.548090 0.324601 0.109054 0.095687
3 0.556887 0.529576 0.422147 0.126646
19 0.818822 0.493559 0.112964 0.029576
17 0.087669 0.535403 0.065610 0.052486
16 0.087669 0.535403 0.065610 0.052486
21 0.220227 0.497911 0.183440 0.054628
16 0.143320 0.586214 0.185016 0.104524
19 0.130565 0.525568 0.076587 0.040962
11 0.265882 0.560731 0.292579 0.121712
0 0.545829 0.340657 0.125885 0.127366
19 0.801526 0.488991 0.139640 0.039135
17 0.096448 0.534352 0.061462 0.053809
16 0.096448 0.534352 0.061462 0.053809
21 0.219953 0.510693 0.178589 0.039892