0 0.611671 0.315646 0.122055 0.117404
15 0.217580 0.500030 0.338281 0.618659
15 0.839357 0.599607 0.252113 0.427974
15 0.212322 0.444333 0.025466 0.021302
15 0.135219 0.400510 0.020868 0.024529
15 0.189271 0.344979 0.019499 0.017715
15 0.183797 0.367124 0.019499 0.017715
15 0.206889 0.360480 0.013684 0.014649
15 0.303892 0.295368 0.022171 0.022674
15 0.352877 0.356829 0.020073 0.015514
15 0.196186 0.290297 0.018276 0.016111
15 0.308952 0.529383 0.029361 0.028047
15 0.111271 0.767479 0.023438 0.022656
15 0.846344 0.704406 0.020868 0.023167
15 0.846281 0.404103 0.018630 0.016200
15 0.799297 0.460359 0.020445 0.020007
0 0.611564 0.329159 0.122082 0.155554
15 0.738240 0.757133 0.026365 0.026255
0 0.617612 0.313695 0.101961 0.095764
15 0.250332 0.508107 0.338315 0.699192
15 0.811017 0.566878 0.266647 0.535505