11 0.828495 0.517593 0.219904 0.301451
16 0.857004 0.646622 0.184612 0.277992
11 0.299101 0.319949 0.257911 0.168908
10 0.394799 0.547504 0.104522 0.215828
11 0.394799 0.547504 0.104522 0.215828
5 0.819687 0.546398 0.276139 0.322369
11 0.819687 0.546398 0.276139 0.322369
10 0.313128 0.306096 0.307702 0.197147
11 0.313128 0.306096 0.307702 0.197147
17 0.724357 0.080785 0.143564 0.070219
17 0.404731 0.085466 0.213986 0.067878
1 0.314050 0.315376 0.338650 0.206438
5 0.314050 0.315376 0.338650 0.206438
10 0.314050 0.315376 0.338650 0.206438
19 0.314050 0.315376 0.338650 0.206438
5 0.818332 0.491487 0.162550 0.216015
16 0.900839 0.597899 0.128070 0.228785