16 0.277075 0.498138 0.201091 0.172474
11 0.294399 0.478556 0.204106 0.073057
19 0.650005 0.215833 0.170980 0.227012
19 0.314978 0.216972 0.189524 0.203272
16 0.210842 0.484360 0.109865 0.158695
11 0.316891 0.437821 0.198366 0.106813
10 0.655641 0.218090 0.152591 0.205997
19 0.655641 0.218090 0.152591 0.205997
10 0.334440 0.205882 0.186160 0.209048
19 0.334440 0.205882 0.186160 0.209048
19 0.658480 0.198032 0.158424 0.194770
19 0.328581 0.206885 0.210611 0.219932
16 0.283383 0.468288 0.220863 0.222728