21 0.417276 0.408315 0.122349 0.349659
0 0.510427 0.278474 0.088980 0.076310
3 0.523134 0.499002 0.381106 0.095756
19 0.761174 0.545882 0.068188 0.079796
17 0.761174 0.545882 0.068188 0.079796
16 0.761174 0.545882 0.068188 0.079796
21 0.438705 0.414837 0.163449 0.397759
3 0.514421 0.508368 0.396607 0.114208
17 0.753682 0.541470 0.051191 0.074556
16 0.753682 0.541470 0.051191 0.074556
0 0.502276 0.284262 0.092147 0.074553
3 0.518203 0.497670 0.387921 0.091324
21 0.429469 0.465053 0.162674 0.376493