0 0.584282 0.321184 0.135537 0.150340
5 0.338838 0.580296 0.236901 0.274486
11 0.338838 0.580296 0.236901 0.274486
19 0.296696 0.494307 0.100227 0.079727
19 0.367311 0.215832 0.077448 0.033030
16 0.337874 0.684824 0.233465 0.088197
17 0.244345 0.593508 0.027854 0.154189
17 0.373716 0.179614 0.146995 0.105570
5 0.350342 0.556431 0.175078 0.241728
0 0.597218 0.316855 0.107575 0.136973
5 0.344702 0.545137 0.242509 0.264694
11 0.344702 0.545137 0.242509 0.264694
10 0.299566 0.501530 0.109396 0.105573
0 0.585781 0.326443 0.134655 0.131665