10 0.267722 0.240153 0.265974 0.241659
19 0.267722 0.240153 0.265974 0.241659
17 0.114811 0.888571 0.044409 0.041201
16 0.114811 0.888571 0.044409 0.041201
17 0.907400 0.841609 0.038452 0.020823
16 0.907400 0.841609 0.038452 0.020823
17 0.107920 0.882148 0.075393 0.075604
16 0.107920 0.882148 0.075393 0.075604
17 0.889217 0.847828 0.088770 0.070627
16 0.889217 0.847828 0.088770 0.070627
5 0.295574 0.240225 0.356759 0.260484
11 0.295574 0.240225 0.356759 0.260484
19 0.295574 0.240225 0.356759 0.260484
5 0.283886 0.236331 0.255477 0.270960
19 0.283886 0.236331 0.255477 0.270960
7 0.834197 0.636695 0.230224 0.383959
17 0.898067 0.819562 0.078723 0.083840
16 0.898067 0.819562 0.078723 0.083840
17 0.110102 0.866950 0.068325 0.088698
16 0.110102 0.866950 0.068325 0.088698