5 0.601710 0.360725 0.232267 0.238352
15 0.601710 0.360725 0.232267 0.238352
0 0.580995 0.439117 0.153171 0.185388
3 0.567812 0.740500 0.445703 0.137713
19 0.824562 0.683825 0.057751 0.047668
15 0.608833 0.381012 0.219709 0.231942
0 0.589927 0.433177 0.149198 0.175896
19 0.829042 0.676390 0.061852 0.046968
15 0.629606 0.367558 0.180007 0.210207
19 0.826009 0.678771 0.047925 0.047887
21 0.826009 0.678771 0.047925 0.047887
17 0.866997 0.717611 0.049184 0.063849
16 0.866997 0.717611 0.049184 0.063849
0 0.558322 0.448967 0.198730 0.202915