1 0.341672 0.174869 0.185727 0.093324
14 0.482032 0.205554 0.101084 0.159767
19 0.321062 0.251420 0.193297 0.116989
19 0.678084 0.227571 0.109569 0.167972
14 0.464792 0.231477 0.090933 0.178434
1 0.321246 0.260951 0.179087 0.202625
19 0.321246 0.260951 0.179087 0.202625
19 0.707719 0.239754 0.120984 0.116988
17 0.353344 0.153490 0.174434 0.041580
19 0.313183 0.231952 0.199969 0.148684
14 0.464334 0.197394 0.100999 0.159525
17 0.134442 0.715949 0.031686 0.060848
16 0.134442 0.715949 0.031686 0.060848
19 0.694285 0.246218 0.071357 0.123473
21 0.913545 0.191557 0.113610 0.124740
0 0.562906 0.299725 0.122522 0.127699
2 0.598614 0.273804 0.026209 0.037655