21 0.155956 0.159613 0.093867 0.143255
1 0.216475 0.524238 0.198873 0.233059
16 0.216475 0.524238 0.198873 0.233059
5 0.268036 0.229686 0.226747 0.292407
11 0.268036 0.229686 0.226747 0.292407
19 0.287676 0.154576 0.067873 0.073360
15 0.673459 0.291275 0.094852 0.100164
19 0.673459 0.291275 0.094852 0.100164
3 0.443032 0.546102 0.376245 0.098899
16 0.162981 0.530590 0.114663 0.067646
5 0.265809 0.259511 0.208462 0.232894
11 0.227682 0.416331 0.157776 0.151463
17 0.329766 0.101286 0.156340 0.052765
11 0.316280 0.149363 0.122116 0.103909
3 0.411155 0.488385 0.450381 0.170569
19 0.669221 0.298023 0.106020 0.094584
17 0.571647 0.078668 0.093503 0.021128
0 0.496910 0.246792 0.118446 0.101826
12 0.274541 0.223199 0.243015 0.303901
11 0.265291 0.311268 0.130229 0.094756
19 0.265291 0.311268 0.130229 0.094756
15 0.652784 0.254582 0.014909 0.009706
15 0.672888 0.284254 0.008668 0.009151
15 0.697326 0.315173 0.011788 0.009983
15 0.710671 0.339299 0.011437 0.009428
15 0.632680 0.309766 0.013520 0.014697
17 0.153812 0.493474 0.043017 0.115497
16 0.153812 0.493474 0.043017 0.115497
11 0.281881 0.434422 0.149144 0.076288