0 0.594600 0.368056 0.129638 0.168996
17 0.131863 0.772264 0.074079 0.113129
16 0.131863 0.772264 0.074079 0.113129
11 0.172497 0.641991 0.060874 0.054189
11 0.303462 0.239677 0.211256 0.180593
17 0.305720 0.208819 0.174128 0.101841
15 0.308033 0.270364 0.171020 0.123249
11 0.308033 0.270364 0.171020 0.123249
0 0.587965 0.374397 0.142256 0.186134
3 0.588173 0.712307 0.464491 0.164030
11 0.152049 0.657558 0.104534 0.116403
11 0.287092 0.213244 0.194495 0.095991
17 0.287092 0.213244 0.194495 0.095991
11 0.158771 0.669502 0.105879 0.114215
0 0.593793 0.357837 0.124293 0.166463