5 0.383448 0.328139 0.189257 0.243994
15 0.383448 0.328139 0.189257 0.243994
11 0.383448 0.328139 0.189257 0.243994
17 0.389203 0.208133 0.223319 0.210386
5 0.382370 0.368015 0.206327 0.210955
15 0.382370 0.368015 0.206327 0.210955
11 0.412155 0.214294 0.149167 0.149167
15 0.756496 0.522842 0.018994 0.018763
15 0.688421 0.333057 0.036940 0.044284
17 0.229635 0.663633 0.046322 0.106680
16 0.229635 0.663633 0.046322 0.106680
10 0.379558 0.301201 0.218710 0.448399
11 0.379558 0.301201 0.218710 0.448399
12 0.379558 0.301201 0.218710 0.448399
11 0.774847 0.375799 0.093984 0.081598