19 0.186579 0.372830 0.145966 0.045875
0 0.546280 0.318092 0.151181 0.094878
16 0.176805 0.546946 0.173335 0.152219
19 0.314485 0.235990 0.114228 0.196870
19 0.178859 0.365585 0.162451 0.046275
3 0.510531 0.556587 0.446742 0.154576
0 0.562218 0.329155 0.126762 0.095502
16 0.249008 0.569878 0.359361 0.141778
16 0.170790 0.517559 0.215483 0.155361
10 0.178771 0.483507 0.111732 0.072361
19 0.176110 0.372306 0.156957 0.037243
19 0.393398 0.155061 0.083872 0.088532
0 0.564054 0.323737 0.119983 0.103442