21 0.078914 0.660858 0.095113 0.678361
21 0.338939 0.076794 0.182554 0.150585
21 0.352335 0.091440 0.178288 0.149157
21 0.072655 0.631648 0.106156 0.614786
21 0.229652 0.463690 0.425877 0.340209
21 0.800773 0.162127 0.043553 0.064851
0 0.566687 0.400130 0.130652 0.185475
3 0.527900 0.579767 0.398764 0.171204
17 0.325668 0.213842 0.103780 0.064057
21 0.359341 0.072658 0.164540 0.138122
21 0.066248 0.633565 0.126926 0.656823
0 0.572379 0.371310 0.129588 0.117811
3 0.532489 0.606975 0.388396 0.188703
11 0.336225 0.381872 0.104010 0.160060
19 0.336225 0.381872 0.104010 0.160060
17 0.418566 0.188523 0.085643 0.026369