17 0.117970 0.874550 0.042618 0.073098
17 0.261045 0.735233 0.081177 0.067939
21 0.891347 0.786192 0.040894 0.120151
17 0.335031 0.150301 0.160687 0.063630
17 0.692437 0.158126 0.179780 0.061341
17 0.113452 0.872314 0.088206 0.086480
16 0.113452 0.872314 0.088206 0.086480
17 0.362902 0.131373 0.111910 0.036518
19 0.677340 0.205568 0.101135 0.098455
19 0.400584 0.170819 0.058768 0.070656
17 0.120977 0.851141 0.090536 0.070226
16 0.120977 0.851141 0.090536 0.070226
17 0.303795 0.145786 0.262054 0.093394
17 0.721067 0.187357 0.198891 0.105922