11 0.304200 0.173200 0.137044 0.100453
19 0.668018 0.230383 0.087139 0.159385
0 0.585122 0.340133 0.108232 0.091787
19 0.858528 0.350778 0.101245 0.061550
19 0.760237 0.286606 0.298833 0.272598
19 0.317831 0.278300 0.313432 0.228801
17 0.307610 0.171829 0.141142 0.097410
17 0.715730 0.146871 0.133833 0.054227
19 0.337105 0.211422 0.223980 0.126367
17 0.304213 0.160996 0.173859 0.103281
19 0.853201 0.292223 0.097114 0.130012
19 0.685605 0.187120 0.122168 0.082625
17 0.707534 0.138518 0.150361 0.041313