17 0.329241 0.179407 0.149104 0.072769
19 0.314268 0.285999 0.223967 0.175263
1 0.714024 0.479956 0.334742 0.608301
16 0.714024 0.479956 0.334742 0.608301
14 0.551388 0.267245 0.088419 0.118029
11 0.781685 0.658516 0.143179 0.171622
17 0.326913 0.183874 0.159085 0.071744
19 0.332145 0.322953 0.223690 0.207131
14 0.554937 0.299159 0.152446 0.235818
16 0.837416 0.720692 0.102169 0.121310
11 0.757351 0.437255 0.195978 0.207522
19 0.757351 0.437255 0.195978 0.207522
17 0.689486 0.266066 0.281427 0.211337
1 0.320276 0.270960 0.248508 0.267314
19 0.320276 0.270960 0.248508 0.267314
17 0.843177 0.708384 0.069524 0.104498
16 0.843177 0.708384 0.069524 0.104498
14 0.533284 0.211422 0.168632 0.296477
1 0.696735 0.419807 0.285489 0.540707
11 0.696735 0.419807 0.285489 0.540707