1 0.692652 0.219450 0.257020 0.157587
5 0.692652 0.219450 0.257020 0.157587
19 0.692652 0.219450 0.257020 0.157587
1 0.317443 0.208648 0.230602 0.166202
10 0.317443 0.208648 0.230602 0.166202
19 0.317443 0.208648 0.230602 0.166202
19 0.332070 0.229782 0.190522 0.166215
2 0.332070 0.229782 0.190522 0.166215
17 0.360020 0.150510 0.179156 0.046953
17 0.240849 0.229536 0.068784 0.087292
17 0.689545 0.191181 0.275138 0.161358
19 0.726337 0.245408 0.153563 0.179875
19 0.332691 0.240356 0.222649 0.216014
17 0.242602 0.213754 0.086228 0.069167
5 0.676317 0.265363 0.196909 0.274541
11 0.676317 0.265363 0.196909 0.274541
19 0.676317 0.265363 0.196909 0.274541