15 0.784317 0.523721 0.031819 0.040090
19 0.664309 0.244988 0.165958 0.165525
1 0.701288 0.182262 0.165961 0.158555
1 0.303978 0.185747 0.179489 0.191660
14 0.429350 0.210140 0.085685 0.189918
15 0.194610 0.564482 0.037632 0.036347
16 0.239887 0.711011 0.219914 0.186283
5 0.353959 0.444079 0.194042 0.372570
11 0.195596 0.445112 0.130798 0.338221
2 0.658665 0.212514 0.132966 0.096628
2 0.783674 0.523272 0.034192 0.041587
2 0.217621 0.478017 0.089910 0.190808
19 0.236616 0.404018 0.127900 0.145552
16 0.275872 0.664545 0.274794 0.162678
1 0.320827 0.288562 0.159558 0.324131
14 0.424289 0.288956 0.153276 0.399442
19 0.701731 0.280764 0.153272 0.136870
17 0.754332 0.193171 0.087611 0.104338
11 0.277352 0.637461 0.189641 0.107119
19 0.277352 0.637461 0.189641 0.107119
14 0.436011 0.194402 0.094928 0.211167
15 0.788945 0.524538 0.030460 0.029417
19 0.644267 0.207870 0.135372 0.102151
2 0.644267 0.207870 0.135372 0.102151
11 0.673252 0.240257 0.191949 0.240805
19 0.673252 0.240257 0.191949 0.240805
11 0.319372 0.207053 0.209826 0.211657
2 0.212145 0.493099 0.086045 0.200315
1 0.285917 0.455133 0.350951 0.612663
11 0.285917 0.455133 0.350951 0.612663
16 0.285917 0.455133 0.350951 0.612663