17 0.224011 0.842806 0.065649 0.064981
16 0.224011 0.842806 0.065649 0.064981
19 0.318511 0.745595 0.134320 0.136676
0 0.577080 0.338454 0.094023 0.114670
19 0.326469 0.347869 0.148901 0.290974
17 0.313688 0.208333 0.182134 0.186488
17 0.219236 0.846221 0.053813 0.061740
16 0.219236 0.846221 0.053813 0.061740
19 0.344550 0.737773 0.071894 0.108579
17 0.271860 0.227767 0.104605 0.155378
19 0.322051 0.330837 0.146050 0.256775
0 0.577370 0.352958 0.107501 0.140514
0 0.572789 0.347669 0.104295 0.152894
17 0.292030 0.216831 0.128431 0.163860
19 0.341650 0.324058 0.180970 0.292229
19 0.343411 0.733376 0.089988 0.109505
16 0.216760 0.843744 0.063326 0.069844