19 0.377215 0.391072 0.152855 0.306815
2 0.377215 0.391072 0.152855 0.306815
19 0.684780 0.368071 0.116325 0.277679
2 0.684780 0.368071 0.116325 0.277679
15 0.744290 0.636082 0.025384 0.029248
15 0.779367 0.682292 0.014391 0.010794
19 0.853319 0.757194 0.027848 0.013926
19 0.691313 0.373887 0.126833 0.246718
2 0.691313 0.373887 0.126833 0.246718
19 0.383015 0.349403 0.140858 0.267827
2 0.383015 0.349403 0.140858 0.267827
19 0.373025 0.311057 0.160388 0.308628
2 0.373025 0.311057 0.160388 0.308628
19 0.678615 0.312880 0.161605 0.358446
2 0.678615 0.312880 0.161605 0.358446