17 0.319921 0.101850 0.056581 0.016825
17 0.246195 0.131138 0.090872 0.061691
17 0.063605 0.738807 0.047691 0.168182
16 0.063605 0.738807 0.047691 0.168182
17 0.840445 0.666496 0.061850 0.160060
16 0.840445 0.666496 0.061850 0.160060
0 0.503398 0.349053 0.112900 0.127367
11 0.191208 0.599355 0.232208 0.202337
17 0.597658 0.102739 0.120625 0.024558
11 0.682163 0.576972 0.207156 0.230745
16 0.711372 0.710790 0.350566 0.197862
16 0.223154 0.777121 0.351599 0.107926
11 0.781484 0.633220 0.111357 0.134908
5 0.241714 0.618606 0.322730 0.370994
11 0.241714 0.618606 0.322730 0.370994
19 0.294896 0.201773 0.089361 0.173309
19 0.272784 0.151827 0.047066 0.082842
17 0.315143 0.099043 0.043704 0.010997
17 0.607508 0.108022 0.171902 0.031005
0 0.506928 0.352384 0.111115 0.129337
3 0.531793 0.649893 0.463960 0.156579
11 0.252876 0.611761 0.317292 0.384659
17 0.060098 0.739627 0.045547 0.116786
16 0.060098 0.739627 0.045547 0.116786
17 0.837682 0.660324 0.061150 0.144569
16 0.837682 0.660324 0.061150 0.144569