19 0.721629 0.216726 0.077171 0.073214
21 0.721629 0.216726 0.077171 0.073214
19 0.420908 0.162752 0.019030 0.047231
17 0.837938 0.667502 0.021338 0.017848
17 0.343866 0.172651 0.035680 0.028542
19 0.710835 0.211066 0.092126 0.077022
19 0.691201 0.298659 0.080039 0.058899
19 0.801826 0.536520 0.053613 0.063431
18 0.821458 0.615431 0.044551 0.089860
17 0.807697 0.652674 0.100173 0.059502
16 0.807697 0.652674 0.100173 0.059502
0 0.587793 0.281247 0.074434 0.115637
11 0.691043 0.309607 0.076071 0.061762