17 0.889897 0.711924 0.056133 0.050952
16 0.889897 0.711924 0.056133 0.050952
10 0.295217 0.670914 0.223006 0.187660
11 0.295217 0.670914 0.223006 0.187660
3 0.602418 0.678992 0.421737 0.211272
21 0.823130 0.102419 0.057012 0.009532
10 0.799971 0.644856 0.218926 0.180208
19 0.799971 0.644856 0.218926 0.180208
10 0.314228 0.610366 0.291552 0.233668
19 0.314228 0.610366 0.291552 0.233668
17 0.400820 0.160098 0.085171 0.054084
17 0.677498 0.139043 0.132544 0.031790
10 0.321977 0.612564 0.331028 0.251736
19 0.797534 0.669732 0.239678 0.145856
19 0.302033 0.630462 0.258267 0.112196