15 0.861580 0.359074 0.109253 0.054366
11 0.861580 0.359074 0.109253 0.054366
19 0.790182 0.358730 0.078281 0.027527
16 0.357859 0.384016 0.311807 0.455822
11 0.377487 0.349022 0.209740 0.229706
16 0.331395 0.401052 0.329823 0.464708
11 0.379391 0.348379 0.194447 0.197894
5 0.829210 0.359209 0.146450 0.052180
16 0.350512 0.407176 0.348803 0.545559
11 0.364749 0.343394 0.172265 0.215261
11 0.831719 0.362756 0.155182 0.051252
16 0.831719 0.362756 0.155182 0.051252
14 0.565490 0.337129 0.166571 0.355352