0 0.593295 0.326228 0.127097 0.124055
15 0.181141 0.750576 0.024888 0.027940
0 0.601796 0.326057 0.111165 0.136425
19 0.770985 0.757035 0.322329 0.116837
17 0.409528 0.077183 0.156440 0.046895
17 0.418633 0.080823 0.173888 0.060236
17 0.684813 0.076520 0.132245 0.043026
0 0.610368 0.318648 0.102171 0.117910
21 0.503735 0.361269 0.111460 0.662359
17 0.115225 0.865148 0.058647 0.138182
16 0.115225 0.865148 0.058647 0.138182
9 0.232295 0.594611 0.180243 0.424759
9 0.867475 0.659368 0.127871 0.261088