3 0.577245 0.594990 0.388310 0.258873
16 0.577245 0.594990 0.388310 0.258873
9 0.281749 0.495815 0.300169 0.380296
9 0.692783 0.538108 0.313833 0.379590
21 0.487928 0.347368 0.238003 0.420817
11 0.304407 0.468076 0.218526 0.309354
19 0.304407 0.468076 0.218526 0.309354
21 0.304407 0.468076 0.218526 0.309354
9 0.304407 0.468076 0.218526 0.309354
11 0.698742 0.518435 0.214030 0.352517
19 0.698742 0.518435 0.214030 0.352517
21 0.698742 0.518435 0.214030 0.352517
9 0.698742 0.518435 0.214030 0.352517
21 0.494603 0.346672 0.149280 0.393883
21 0.500785 0.348509 0.153843 0.417583
9 0.739773 0.524592 0.187793 0.367763
9 0.300468 0.472054 0.223564 0.278338
3 0.591662 0.578807 0.416950 0.236980