0 0.527738 0.415917 0.137663 0.161745
21 0.471235 0.207959 0.100681 0.169448
19 0.354069 0.323558 0.081608 0.064695
3 0.538361 0.776398 0.314386 0.126022
21 0.416696 0.202822 0.141211 0.239820
0 0.548489 0.418232 0.091437 0.161744
3 0.538217 0.743651 0.309229 0.134791
0 0.543977 0.418520 0.105346 0.177886
3 0.538905 0.782921 0.308123 0.133594
19 0.388675 0.432139 0.068729 0.140961
17 0.406405 0.219510 0.056033 0.024193
11 0.465554 0.168243 0.056946 0.238575
21 0.465554 0.168243 0.056946 0.238575