19 0.706986 0.289707 0.214035 0.189500
19 0.284042 0.274705 0.162769 0.132124
16 0.723304 0.654885 0.378682 0.354516
11 0.726762 0.609741 0.264013 0.161544
10 0.323707 0.282908 0.243978 0.166569
10 0.734889 0.441685 0.295340 0.412656
12 0.714303 0.245509 0.024049 0.017957
16 0.765940 0.640089 0.268709 0.144583
0 0.591687 0.335506 0.117341 0.106026
3 0.580320 0.631957 0.432748 0.179085
19 0.693417 0.306973 0.084841 0.103921
5 0.707976 0.235837 0.130027 0.101034
10 0.233433 0.295371 0.087798 0.127730
19 0.233433 0.295371 0.087798 0.127730
17 0.112479 0.871559 0.041858 0.037708
16 0.112479 0.871559 0.041858 0.037708
16 0.780174 0.617569 0.248447 0.192987
11 0.783551 0.578748 0.182283 0.190770
11 0.708614 0.245454 0.226839 0.123113
19 0.708614 0.245454 0.226839 0.123113
17 0.708614 0.245454 0.226839 0.123113
0 0.585740 0.338621 0.132323 0.114239