15 0.736571 0.249586 0.289534 0.183096
17 0.736571 0.249586 0.289534 0.183096
10 0.113254 0.359760 0.108304 0.069448
10 0.145635 0.365097 0.115413 0.069850
11 0.145635 0.365097 0.115413 0.069850
19 0.190737 0.305600 0.149606 0.060924
19 0.331901 0.139559 0.165421 0.051561
17 0.331901 0.139559 0.165421 0.051561
10 0.719014 0.271098 0.280298 0.223884
11 0.719014 0.271098 0.280298 0.223884
19 0.719014 0.271098 0.280298 0.223884
17 0.686979 0.128459 0.184644 0.043003
19 0.744333 0.267031 0.260855 0.271066
9 0.744333 0.267031 0.260855 0.271066
15 0.128715 0.365201 0.093908 0.083519