5 0.750216 0.618251 0.222281 0.257280
0 0.624301 0.409695 0.099440 0.110180
16 0.814739 0.827273 0.088486 0.263158
17 0.130402 0.940255 0.048127 0.061759
16 0.130402 0.940255 0.048127 0.061759
10 0.284910 0.736501 0.150588 0.182772
10 0.375641 0.305707 0.138670 0.201091
17 0.702330 0.185580 0.069335 0.027113
19 0.740667 0.281607 0.147640 0.104688
15 0.744667 0.613983 0.222255 0.250049
17 0.173649 0.923621 0.155683 0.084674
16 0.173649 0.923621 0.155683 0.084674
17 0.811868 0.797210 0.120541 0.189993
16 0.811868 0.797210 0.120541 0.189993
19 0.262470 0.707207 0.129805 0.271603
19 0.758369 0.263874 0.156137 0.171941
19 0.388437 0.253292 0.192663 0.243360
0 0.614878 0.420366 0.124201 0.140545
17 0.407825 0.148456 0.160464 0.047793
17 0.685269 0.178327 0.115949 0.030110
10 0.384235 0.309556 0.167374 0.249258
19 0.384235 0.309556 0.167374 0.249258
17 0.118387 0.930519 0.065504 0.105305
16 0.118387 0.930519 0.065504 0.105305
19 0.246439 0.732571 0.212465 0.347842
0 0.613482 0.417170 0.135945 0.130427
2 0.641558 0.394251 0.067971 0.068217
11 0.744237 0.616735 0.221364 0.243026
10 0.772185 0.778931 0.137681 0.148307
16 0.823140 0.780177 0.080312 0.244275