0 0.528811 0.341018 0.106155 0.110220
9 0.682962 0.462080 0.159232 0.222250
9 0.280928 0.514932 0.129871 0.237608
3 0.535844 0.570491 0.364406 0.087219
0 0.515779 0.337294 0.120777 0.092432
19 0.710095 0.398597 0.081710 0.031264
19 0.719685 0.450606 0.078155 0.014781
10 0.680493 0.482646 0.196940 0.242889
11 0.680493 0.482646 0.196940 0.242889
11 0.254248 0.494315 0.228849 0.307078
0 0.527433 0.331026 0.088355 0.092622
11 0.671495 0.395684 0.219813 0.335813
11 0.258299 0.515865 0.169605 0.280306