3 0.616567 0.707836 0.432103 0.137092
0 0.648404 0.373831 0.135828 0.085995
11 0.621111 0.254230 0.307711 0.143809
21 0.663188 0.253229 0.237280 0.198315
3 0.626751 0.677305 0.416583 0.179650
0 0.650853 0.389893 0.135084 0.118125
21 0.529267 0.377482 0.180131 0.305519
0 0.648910 0.408146 0.142661 0.165344
3 0.622852 0.690572 0.429356 0.153989
17 0.725194 0.231208 0.179586 0.030827
17 0.859202 0.743266 0.148277 0.161640
16 0.859202 0.743266 0.148277 0.161640
14 0.569928 0.354104 0.180524 0.366752
15 0.715570 0.280462 0.105329 0.125300