17 0.082355 0.663825 0.054967 0.071566
16 0.082355 0.663825 0.054967 0.071566
19 0.185284 0.559495 0.217714 0.038802
0 0.497845 0.293926 0.127183 0.100882
19 0.701927 0.316592 0.078186 0.024903
19 0.197250 0.551196 0.204294 0.038399
16 0.096334 0.660976 0.091071 0.078764
19 0.690358 0.313872 0.089683 0.075804
17 0.593531 0.126935 0.118997 0.043322
17 0.305053 0.130411 0.134378 0.018184
19 0.699453 0.324079 0.104609 0.041590
19 0.207311 0.553285 0.197565 0.035049
16 0.124032 0.675370 0.157094 0.095559