2 0.931381 0.552785 0.048034 0.236752
21 0.931381 0.552785 0.048034 0.236752
17 0.959094 0.596797 0.025870 0.161882
10 0.832976 0.385604 0.104384 0.112788
10 0.753884 0.307114 0.065041 0.116746
19 0.753884 0.307114 0.065041 0.116746
17 0.932049 0.541546 0.047731 0.241670
17 0.767074 0.233719 0.230806 0.106499
11 0.812978 0.402839 0.217178 0.336756
19 0.782894 0.325115 0.113542 0.076357
17 0.939479 0.536449 0.076938 0.267794
2 0.939479 0.536449 0.076938 0.267794
11 0.779735 0.307752 0.138229 0.103904
19 0.779735 0.307752 0.138229 0.103904
17 0.753148 0.224661 0.210951 0.091996