3 0.576911 0.644500 0.652161 0.326516
2 0.549581 0.332573 0.122043 0.150059
6 0.144044 0.479853 0.172893 0.375147
6 0.721201 0.311732 0.165265 0.197300
16 0.865489 0.696604 0.143654 0.175068
3 0.560253 0.593190 0.613904 0.223652
11 0.718278 0.316106 0.216000 0.250991
11 0.196458 0.454026 0.195541 0.397609
5 0.167455 0.575656 0.166986 0.209024
5 0.728968 0.586211 0.309585 0.349063
10 0.203012 0.455291 0.291973 0.582197
11 0.203012 0.455291 0.291973 0.582197
10 0.718981 0.457727 0.383355 0.650404
11 0.718981 0.457727 0.383355 0.650404
3 0.560734 0.601447 0.655267 0.431164