14 0.654155 0.221071 0.105455 0.286741
1 0.790316 0.260350 0.229444 0.184614
19 0.790316 0.260350 0.229444 0.184614
17 0.843388 0.872202 0.048262 0.056067
17 0.163490 0.913756 0.038139 0.041554
17 0.846190 0.867212 0.043664 0.052857
17 0.150691 0.904968 0.053466 0.051347
17 0.313564 0.142181 0.098545 0.071514
14 0.635283 0.266174 0.134310 0.294884
1 0.783068 0.289330 0.174957 0.261194
19 0.783068 0.289330 0.174957 0.261194
17 0.847316 0.853354 0.058645 0.051246
16 0.847316 0.853354 0.058645 0.051246
17 0.159143 0.903050 0.086136 0.076100
16 0.159143 0.903050 0.086136 0.076100
1 0.796226 0.229450 0.166015 0.175400
14 0.649073 0.268276 0.095944 0.189103
10 0.828566 0.403936 0.122898 0.140683