0 0.596724 0.361210 0.136132 0.109887
3 0.634095 0.740768 0.472467 0.171560
17 0.080882 0.736283 0.049382 0.048216
3 0.631224 0.719845 0.469318 0.215305
0 0.598803 0.374189 0.135854 0.136187
8 0.705328 0.520103 0.117329 0.142670
17 0.082399 0.741244 0.063296 0.066147
16 0.082399 0.741244 0.063296 0.066147
0 0.597607 0.363895 0.131500 0.112755
11 0.342064 0.566630 0.119299 0.151480
8 0.342064 0.566630 0.119299 0.151480
21 0.708097 0.519363 0.078629 0.127564
17 0.087876 0.735194 0.066428 0.124147
16 0.087876 0.735194 0.066428 0.124147
11 0.195652 0.723236 0.230464 0.043281
19 0.195652 0.723236 0.230464 0.043281