19 0.841502 0.561128 0.108568 0.035347
17 0.169370 0.579634 0.103519 0.098976
16 0.169370 0.579634 0.103519 0.098976
0 0.574499 0.394488 0.172956 0.132301
3 0.562505 0.564665 0.444374 0.098976
11 0.254207 0.554969 0.196790 0.032674
0 0.579512 0.393228 0.164701 0.130628
3 0.564603 0.589167 0.464292 0.081785
5 0.831159 0.572830 0.136137 0.090201
11 0.831159 0.572830 0.136137 0.090201
16 0.239964 0.569505 0.196016 0.110642
5 0.255466 0.557410 0.164628 0.047146
11 0.255466 0.557410 0.164628 0.047146
0 0.559996 0.373633 0.145807 0.086269
11 0.833201 0.563845 0.106411 0.043628
19 0.833201 0.563845 0.106411 0.043628
17 0.901037 0.594707 0.045226 0.086191
16 0.901037 0.594707 0.045226 0.086191
17 0.160814 0.582469 0.065177 0.089382
16 0.160814 0.582469 0.065177 0.089382
11 0.292649 0.553118 0.122314 0.028889
19 0.292649 0.553118 0.122314 0.028889