19 0.740757 0.426474 0.048641 0.025726
1 0.257828 0.268979 0.182749 0.128999
10 0.257828 0.268979 0.182749 0.128999
19 0.257828 0.268979 0.182749 0.128999
17 0.071530 0.766552 0.037102 0.038257
19 0.119359 0.629774 0.072087 0.052611
14 0.409950 0.245293 0.096749 0.241657
19 0.741165 0.428641 0.087782 0.040774
1 0.244017 0.304075 0.251060 0.217586
19 0.244017 0.304075 0.251060 0.217586
17 0.127101 0.772227 0.177219 0.055135
16 0.127101 0.772227 0.177219 0.055135
14 0.410160 0.298659 0.103378 0.261890
19 0.114503 0.629594 0.082614 0.061319
19 0.242559 0.320141 0.133962 0.150038
17 0.284495 0.208777 0.185218 0.063370
17 0.073067 0.752083 0.067564 0.089465
16 0.073067 0.752083 0.067564 0.089465
15 0.749288 0.423582 0.024462 0.021434