3 0.559330 0.669332 0.465991 0.129439
10 0.241673 0.650111 0.098281 0.086152
10 0.163150 0.515687 0.107845 0.128280
3 0.557726 0.658747 0.483969 0.189820
21 0.200958 0.445974 0.072029 0.090391
21 0.290824 0.401111 0.047334 0.036554
19 0.167688 0.504792 0.123479 0.116311
11 0.231142 0.639713 0.081633 0.108332
3 0.555809 0.679221 0.474060 0.155529
17 0.876864 0.816524 0.050164 0.087484
16 0.876864 0.816524 0.050164 0.087484
19 0.185630 0.566929 0.160953 0.239166
19 0.212806 0.238153 0.058944 0.131227
21 0.212806 0.238153 0.058944 0.131227