17 0.294309 0.564718 0.041408 0.047788
0 0.555012 0.250119 0.145362 0.140547
10 0.764062 0.372819 0.269824 0.532640
11 0.764062 0.372819 0.269824 0.532640
9 0.764062 0.372819 0.269824 0.532640
10 0.343679 0.252206 0.159700 0.222953
11 0.343679 0.252206 0.159700 0.222953
19 0.207181 0.317409 0.107269 0.031549
10 0.255062 0.478925 0.205458 0.108033
11 0.255062 0.478925 0.205458 0.108033
19 0.738034 0.374496 0.145197 0.065444
9 0.737630 0.373642 0.270702 0.596920
9 0.286675 0.371630 0.317780 0.545570
11 0.709758 0.358219 0.139333 0.286264
11 0.319919 0.258199 0.160085 0.194865
11 0.223572 0.473758 0.161073 0.105193
19 0.217149 0.313813 0.128463 0.031902
19 0.684558 0.124984 0.051383 0.083637
14 0.468200 0.243808 0.137862 0.321525
19 0.755843 0.406606 0.278034 0.494306
9 0.755843 0.406606 0.278034 0.494306
19 0.674912 0.111617 0.084846 0.086560
2 0.674912 0.111617 0.084846 0.086560
19 0.289191 0.370729 0.292390 0.506833
9 0.289191 0.370729 0.292390 0.506833
5 0.325741 0.254556 0.148807 0.142370
11 0.325741 0.254556 0.148807 0.142370
11 0.203693 0.485763 0.126616 0.083143
17 0.106447 0.685078 0.036549 0.060365
16 0.106447 0.685078 0.036549 0.060365
17 0.897468 0.730637 0.041770 0.067200
16 0.897468 0.730637 0.041770 0.067200
0 0.565920 0.247723 0.127921 0.119591