0 0.592159 0.382390 0.123577 0.115866
11 0.252846 0.596700 0.203169 0.082761
11 0.416220 0.321843 0.115199 0.210826
16 0.251486 0.628923 0.292210 0.465710
11 0.842035 0.718750 0.094025 0.134026
17 0.337983 0.307700 0.249799 0.244875
16 0.277756 0.615905 0.324269 0.179903
10 0.293873 0.435001 0.204255 0.125783
10 0.833663 0.719472 0.109139 0.153175
0 0.588222 0.378495 0.109700 0.111232
3 0.587423 0.665157 0.429252 0.205619
16 0.246342 0.651376 0.290878 0.167430
10 0.255992 0.588303 0.219192 0.103213
11 0.255992 0.588303 0.219192 0.103213
17 0.135367 0.545871 0.071686 0.247705
19 0.818451 0.739679 0.130963 0.071100