17 0.822812 0.837158 0.054748 0.064941
16 0.822812 0.837158 0.054748 0.064941
17 0.035132 0.809976 0.055690 0.074000
16 0.035132 0.809976 0.055690 0.074000
5 0.273827 0.327665 0.313464 0.261774
11 0.273827 0.327665 0.313464 0.261774
12 0.309621 0.259299 0.142181 0.084647
20 0.863162 0.561974 0.045725 0.051212
20 0.114942 0.451819 0.054946 0.058736
20 0.065344 0.464851 0.040359 0.038903
20 0.082326 0.535122 0.044974 0.059076
12 0.304936 0.258785 0.136606 0.079749
5 0.265554 0.320320 0.306441 0.263860
17 0.820595 0.839177 0.057839 0.061042
17 0.029877 0.813087 0.056612 0.077778
0 0.525260 0.370563 0.128464 0.093812
17 0.822967 0.846413 0.053155 0.082361
16 0.822967 0.846413 0.053155 0.082361
17 0.021682 0.814370 0.038868 0.075566
16 0.021682 0.814370 0.038868 0.075566
11 0.260622 0.309911 0.316557 0.325372
12 0.260622 0.309911 0.316557 0.325372