19 0.629939 0.271872 0.023203 0.019400
19 0.592960 0.284288 0.016919 0.016296
19 0.655799 0.333756 0.038188 0.106697
19 0.350211 0.270965 0.023702 0.021370
19 0.406706 0.296505 0.007469 0.010945
3 0.587250 0.680738 0.452666 0.126676
0 0.587756 0.401973 0.119636 0.130594
0 0.579165 0.401796 0.126345 0.133505
3 0.601544 0.692241 0.463601 0.118043
17 0.623494 0.242424 0.126041 0.045820
15 0.628059 0.270648 0.025572 0.017961
15 0.589244 0.283845 0.016442 0.017228
19 0.589244 0.283845 0.016442 0.017228
0 0.574191 0.390975 0.143457 0.118426
3 0.592082 0.689838 0.454494 0.110497
11 0.350927 0.273951 0.019264 0.018274
17 0.379868 0.246316 0.065277 0.030187