19 0.346241 0.470387 0.185649 0.373576
21 0.346241 0.470387 0.185649 0.373576
9 0.346241 0.470387 0.185649 0.373576
19 0.699886 0.476081 0.164010 0.398632
21 0.699886 0.476081 0.164010 0.398632
9 0.699886 0.476081 0.164010 0.398632
17 0.257403 0.785308 0.044419 0.055811
16 0.257403 0.785308 0.044419 0.055811
17 0.768224 0.753416 0.034170 0.055811
16 0.768224 0.753416 0.034170 0.055811
9 0.677220 0.445357 0.212663 0.547410
9 0.342964 0.485231 0.201832 0.538548
9 0.684110 0.454218 0.192972 0.565131
9 0.348523 0.487805 0.218227 0.564827