0 0.547667 0.305181 0.134978 0.141208
3 0.550026 0.540021 0.430416 0.100431
19 0.634922 0.370743 0.071068 0.059966
15 0.778451 0.324102 0.016102 0.016435
15 0.648019 0.219039 0.031680 0.028741
15 0.714156 0.217733 0.018945 0.016722
15 0.727220 0.245821 0.018945 0.011758
11 0.368965 0.199730 0.075512 0.048416
2 0.370749 0.196909 0.079877 0.053595
2 0.780441 0.324197 0.023190 0.021644
2 0.647420 0.219068 0.035430 0.028859
19 0.726007 0.223964 0.034141 0.052049
2 0.726007 0.223964 0.034141 0.052049
0 0.564800 0.280367 0.100530 0.099785
3 0.542459 0.501533 0.420733 0.137017
3 0.544698 0.538210 0.411316 0.136497
0 0.497980 0.304214 0.228510 0.147870
15 0.781152 0.323362 0.021992 0.018694
15 0.724794 0.245836 0.018329 0.010264
15 0.716547 0.220177 0.020161 0.022726
15 0.649421 0.219810 0.028867 0.023459
19 0.374505 0.194885 0.074685 0.065980
2 0.374505 0.194885 0.074685 0.065980