10 0.308664 0.271266 0.220373 0.335399
19 0.308664 0.271266 0.220373 0.335399
17 0.172766 0.647543 0.026582 0.031010
16 0.172766 0.647543 0.026582 0.031010
15 0.322339 0.177451 0.188757 0.110916
17 0.175737 0.638877 0.055123 0.049288
16 0.175737 0.638877 0.055123 0.049288
19 0.338676 0.294518 0.261026 0.309986
9 0.338676 0.294518 0.261026 0.309986
5 0.315632 0.186788 0.150911 0.107062
11 0.315632 0.186788 0.150911 0.107062
10 0.331444 0.265598 0.259924 0.345305
19 0.331444 0.265598 0.259924 0.345305
17 0.175491 0.627913 0.055135 0.061750
16 0.175491 0.627913 0.055135 0.061750