19 0.217342 0.368018 0.197596 0.125154
17 0.916523 0.802575 0.070134 0.054790
16 0.916523 0.802575 0.070134 0.054790
17 0.089235 0.815676 0.041508 0.057175
16 0.089235 0.815676 0.041508 0.057175
19 0.635772 0.427669 0.141646 0.151254
15 0.209848 0.729476 0.028276 0.019294
19 0.644650 0.398081 0.108004 0.130806
19 0.258804 0.430704 0.198125 0.247317
19 0.217601 0.372451 0.203955 0.130560
17 0.925409 0.802802 0.048277 0.065278
16 0.925409 0.802802 0.048277 0.065278
17 0.087866 0.819373 0.062755 0.090390
16 0.087866 0.819373 0.062755 0.090390