10 0.203609 0.513538 0.126970 0.132576
10 0.644965 0.356880 0.106424 0.125560
10 0.675660 0.536703 0.070260 0.064809
19 0.675660 0.536703 0.070260 0.064809
10 0.205719 0.513887 0.162020 0.135566
19 0.205719 0.513887 0.162020 0.135566
0 0.472703 0.343012 0.112484 0.100872
19 0.634191 0.411418 0.174492 0.111969
19 0.219130 0.434637 0.046036 0.030080
19 0.671287 0.513073 0.103173 0.043403
11 0.668173 0.582092 0.134306 0.051941
21 0.668173 0.582092 0.134306 0.051941
7 0.281783 0.390595 0.144618 0.128247