3 0.578010 0.600607 0.358170 0.198650
11 0.658173 0.288729 0.076667 0.147720
0 0.555037 0.277388 0.106734 0.181159
3 0.588192 0.580383 0.366615 0.195611
21 0.841029 0.456888 0.023374 0.087085
11 0.692569 0.320787 0.151559 0.199053
5 0.649927 0.302601 0.061923 0.120357
17 0.185283 0.653698 0.057332 0.090584
16 0.185283 0.653698 0.057332 0.090584
11 0.757993 0.558659 0.053672 0.108406
3 0.588437 0.578707 0.380588 0.142559
0 0.560381 0.266853 0.095145 0.148501
15 0.642109 0.289871 0.073192 0.155926
11 0.642109 0.289871 0.073192 0.155926