19 0.224156 0.265064 0.042415 0.035917
3 0.558390 0.717485 0.534890 0.182251
0 0.582340 0.388711 0.141705 0.143934
11 0.289349 0.292270 0.089814 0.073521
19 0.289349 0.292270 0.089814 0.073521
0 0.593403 0.406932 0.122475 0.164314
3 0.580413 0.695764 0.489899 0.195121
17 0.279063 0.151776 0.118634 0.091317
10 0.284566 0.270019 0.148618 0.149610
0 0.584688 0.405791 0.152518 0.184457
17 0.711700 0.186135 0.175134 0.092228
3 0.584322 0.708791 0.533902 0.186280
19 0.282030 0.291252 0.221536 0.207631
9 0.728964 0.501419 0.227616 0.439226
9 0.319311 0.475134 0.243997 0.456577