0 0.564018 0.325237 0.104425 0.087155
19 0.648144 0.265555 0.135359 0.191929
17 0.707146 0.186859 0.171226 0.088810
11 0.288963 0.228148 0.191188 0.176294
19 0.658772 0.269589 0.178003 0.203708
19 0.296502 0.239834 0.169059 0.150301
17 0.755376 0.200542 0.077821 0.051881
15 0.236878 0.289038 0.054964 0.064835
11 0.186593 0.532917 0.052625 0.065833
21 0.186593 0.532917 0.052625 0.065833
19 0.673075 0.285547 0.176580 0.173557
17 0.710498 0.185303 0.155536 0.084784
19 0.300027 0.239371 0.143771 0.116174
21 0.300027 0.239371 0.143771 0.116174