17 0.380210 0.173264 0.096560 0.037417
0 0.588226 0.380162 0.139974 0.161295
19 0.321874 0.301777 0.135489 0.127853
17 0.401619 0.191811 0.130352 0.064457
17 0.641460 0.185952 0.082053 0.038507
0 0.595851 0.380597 0.138170 0.147348
3 0.545543 0.733560 0.436097 0.174114
19 0.186338 0.714434 0.034720 0.037189
19 0.752296 0.521584 0.203724 0.040713
19 0.221476 0.300653 0.055921 0.032803
19 0.329056 0.333931 0.072963 0.076539
15 0.177300 0.621620 0.029824 0.030901
15 0.891063 0.490554 0.031955 0.016162
15 0.846059 0.603936 0.014377 0.013785