19 0.645033 0.300168 0.086696 0.146288
19 0.236052 0.386971 0.131261 0.055075
11 0.308578 0.281963 0.026262 0.023576
11 0.256481 0.463199 0.026833 0.027098
3 0.532068 0.671878 0.384141 0.103535
19 0.653137 0.278435 0.035197 0.100647
19 0.248671 0.391954 0.106250 0.049154
19 0.241826 0.486166 0.065184 0.078411
19 0.300291 0.269623 0.047140 0.046165
3 0.535754 0.636551 0.384298 0.128524
0 0.544040 0.379161 0.090739 0.111074
19 0.653335 0.275573 0.052223 0.087776
19 0.310554 0.293029 0.088890 0.102739
19 0.236109 0.385791 0.128891 0.056854
19 0.224442 0.490025 0.085556 0.079797
19 0.267775 0.650615 0.027778 0.015958