17 0.115461 0.775919 0.100857 0.076510
16 0.115461 0.775919 0.100857 0.076510
10 0.779322 0.692900 0.139824 0.074530
19 0.202080 0.469637 0.187578 0.048957
5 0.357884 0.475928 0.139473 0.157378
11 0.262413 0.336195 0.259018 0.217578
5 0.783435 0.694122 0.165803 0.079326
17 0.247562 0.343128 0.269576 0.335015
5 0.287973 0.392495 0.310256 0.318088
10 0.287973 0.392495 0.310256 0.318088
17 0.089431 0.787317 0.055934 0.056047
16 0.089431 0.787317 0.055934 0.056047
0 0.573913 0.416126 0.128930 0.119167
0 0.571291 0.420930 0.139752 0.138574
3 0.517572 0.772451 0.447055 0.146847
17 0.087346 0.760922 0.058714 0.157767
16 0.087346 0.760922 0.058714 0.157767
10 0.791166 0.688974 0.148412 0.083224
10 0.281352 0.413989 0.331613 0.474730
11 0.281352 0.413989 0.331613 0.474730
19 0.281352 0.413989 0.331613 0.474730