19 0.807795 0.584367 0.178939 0.133683
17 0.869352 0.846111 0.113092 0.132433
16 0.869352 0.846111 0.113092 0.132433
17 0.059822 0.914827 0.042946 0.074962
11 0.218767 0.431686 0.073626 0.042840
11 0.827797 0.430558 0.122710 0.142045
16 0.880279 0.848245 0.099273 0.132914
19 0.764064 0.522082 0.293335 0.288670
19 0.221243 0.438869 0.083967 0.045404
17 0.057275 0.911909 0.048728 0.052247
16 0.057275 0.911909 0.048728 0.052247
17 0.867545 0.833535 0.109985 0.097205
16 0.867545 0.833535 0.109985 0.097205
19 0.781228 0.605104 0.238072 0.206561
21 0.754080 0.501822 0.219971 0.320779
9 0.754080 0.501822 0.219971 0.320779
11 0.365651 0.507290 0.122515 0.215067
21 0.365651 0.507290 0.122515 0.215067
10 0.207988 0.434558 0.102418 0.065974
11 0.207988 0.434558 0.102418 0.065974