19 0.641584 0.208837 0.086235 0.174581
17 0.320976 0.120125 0.090780 0.052299
19 0.229873 0.271036 0.152379 0.185252
17 0.752871 0.161583 0.070414 0.056838
17 0.711621 0.136539 0.155276 0.087086
17 0.350187 0.103663 0.122176 0.039382
19 0.719578 0.222200 0.166533 0.143311
19 0.228761 0.281783 0.136644 0.187966
21 0.507324 0.670376 0.207743 0.451063
19 0.286602 0.347267 0.295089 0.154406
17 0.337007 0.108454 0.093937 0.025808
17 0.661364 0.124703 0.144597 0.047793
11 0.757128 0.178075 0.046021 0.042887