10 0.270019 0.342563 0.270270 0.426758
19 0.270019 0.342563 0.270270 0.426758
11 0.653617 0.253136 0.269226 0.281772
12 0.653617 0.253136 0.269226 0.281772
10 0.820441 0.675397 0.169300 0.154407
17 0.155969 0.857398 0.039854 0.053623
16 0.155969 0.857398 0.039854 0.053623
11 0.630072 0.249805 0.174107 0.173601
5 0.676400 0.329309 0.135266 0.107147
17 0.655953 0.179222 0.266087 0.154804
10 0.268883 0.267682 0.278532 0.256900
19 0.268883 0.267682 0.278532 0.256900
11 0.796194 0.626850 0.204811 0.241823
17 0.708862 0.194761 0.152023 0.148064
11 0.638139 0.252278 0.261739 0.281322
19 0.638139 0.252278 0.261739 0.281322
21 0.541641 0.228929 0.137480 0.166287
19 0.262717 0.304100 0.251163 0.394078
17 0.163574 0.843963 0.103109 0.091116
16 0.163574 0.843963 0.103109 0.091116
5 0.838411 0.676538 0.107075 0.134397
11 0.838411 0.676538 0.107075 0.134397
17 0.873440 0.768792 0.050233 0.038723
16 0.873440 0.768792 0.050233 0.038723