1 0.680722 0.219673 0.175267 0.059654
19 0.731166 0.345777 0.224860 0.249942
19 0.342699 0.267848 0.189508 0.141776
14 0.558804 0.258373 0.075580 0.130937
19 0.700369 0.357638 0.184497 0.250556
19 0.384439 0.307264 0.169618 0.165578
17 0.673091 0.217467 0.183510 0.063077
17 0.327508 0.211193 0.064889 0.041105
17 0.428944 0.203390 0.070138 0.025113
17 0.675138 0.225364 0.154968 0.024695
11 0.720510 0.375792 0.217523 0.288175
19 0.720510 0.375792 0.217523 0.288175
15 0.319415 0.723118 0.021009 0.016372
15 0.771307 0.691964 0.282224 0.291632