15 0.669136 0.605353 0.168564 0.146924
11 0.669136 0.605353 0.168564 0.146924
20 0.166287 0.569478 0.026196 0.031891
20 0.149203 0.653758 0.033030 0.029613
0 0.476082 0.388383 0.212985 0.152621
20 0.723027 0.387028 0.036061 0.037064
20 0.777526 0.635220 0.029049 0.041071
3 0.495713 0.631486 0.351029 0.150036
0 0.536050 0.368833 0.098428 0.118114
11 0.672277 0.603719 0.173545 0.191722
0 0.536470 0.366363 0.097686 0.112965
15 0.684185 0.603239 0.143324 0.131484
11 0.684185 0.603239 0.143324 0.131484