5 0.273444 0.362490 0.161599 0.147748
15 0.273444 0.362490 0.161599 0.147748
16 0.210098 0.631174 0.245497 0.165958
5 0.275406 0.375640 0.164988 0.138095
11 0.268254 0.343594 0.324254 0.231173
16 0.246319 0.647630 0.333791 0.204469
0 0.576671 0.352335 0.127786 0.121539
16 0.160450 0.593964 0.136674 0.162872
15 0.272210 0.362187 0.155182 0.134397
11 0.272210 0.362187 0.155182 0.134397
19 0.280752 0.281321 0.126708 0.123007
11 0.181094 0.397494 0.103929 0.127561
19 0.181094 0.397494 0.103929 0.127561
11 0.413866 0.310364 0.079725 0.174258
21 0.413866 0.310364 0.079725 0.174258