1 0.279031 0.202610 0.166112 0.118828
14 0.406087 0.196855 0.109602 0.209945
15 0.725069 0.396448 0.319185 0.334751
21 0.725069 0.396448 0.319185 0.334751
15 0.265355 0.314343 0.297671 0.276466
21 0.265355 0.314343 0.297671 0.276466
14 0.417952 0.241036 0.129913 0.319639
17 0.267061 0.214815 0.271695 0.175896
19 0.296445 0.310298 0.165076 0.136927
19 0.777710 0.445602 0.148140 0.053301
2 0.715538 0.390886 0.283444 0.309370
2 0.267486 0.321566 0.222918 0.263158
21 0.409419 0.232202 0.097373 0.247123
2 0.728714 0.402529 0.269476 0.339668
17 0.258264 0.184452 0.261550 0.116177
19 0.259963 0.340503 0.203806 0.211679
2 0.259963 0.340503 0.203806 0.211679