0 0.533600 0.308656 0.102507 0.118451
17 0.271071 0.462984 0.062643 0.313212
17 0.284169 0.619020 0.097951 0.165150
16 0.284169 0.619020 0.097951 0.165150
3 0.551369 0.589770 0.317191 0.099743
17 0.382954 0.148209 0.084535 0.014306
3 0.530205 0.561921 0.323190 0.165371
0 0.537905 0.303090 0.093532 0.117161
17 0.598164 0.132636 0.104206 0.030204
17 0.389383 0.143988 0.117796 0.032470
17 0.268778 0.603299 0.061298 0.099053
16 0.268778 0.603299 0.061298 0.099053
9 0.348570 0.373746 0.194489 0.444064
9 0.677339 0.479904 0.196331 0.326964
14 0.460039 0.243452 0.091022 0.228129
17 0.259115 0.495013 0.085781 0.343125
16 0.330931 0.625181 0.191510 0.114710
17 0.367724 0.171621 0.118576 0.047431
10 0.311496 0.267247 0.087211 0.074971
11 0.311496 0.267247 0.087211 0.074971
0 0.537365 0.307693 0.102738 0.143632