0 0.558947 0.239105 0.116508 0.090596
8 0.378640 0.361812 0.116508 0.106650
17 0.152561 0.516629 0.072123 0.074541
16 0.152561 0.516629 0.072123 0.074541
21 0.769075 0.502293 0.237173 0.094040
0 0.561327 0.249037 0.116441 0.107830
3 0.564431 0.471758 0.411429 0.109115
0 0.558543 0.235763 0.121220 0.088838
17 0.143226 0.526196 0.050968 0.066058
16 0.143226 0.526196 0.050968 0.066058
11 0.365694 0.370159 0.085407 0.111616
8 0.365694 0.370159 0.085407 0.111616
21 0.756217 0.507404 0.265858 0.124144