19 0.176750 0.353075 0.105665 0.031890
19 0.233058 0.186788 0.065345 0.043280
21 0.233058 0.186788 0.065345 0.043280
17 0.689084 0.170843 0.068130 0.045558
17 0.195520 0.152050 0.068126 0.042141
17 0.802395 0.755696 0.038931 0.039864
16 0.802395 0.755696 0.038931 0.039864
17 0.048840 0.738610 0.047271 0.053532
16 0.048840 0.738610 0.047271 0.053532
10 0.154423 0.338289 0.075369 0.051970
19 0.170326 0.343463 0.123190 0.049312
19 0.225382 0.185146 0.069881 0.045194
21 0.225382 0.185146 0.069881 0.045194
17 0.053132 0.737520 0.041683 0.039168
16 0.053132 0.737520 0.041683 0.039168
17 0.793008 0.762628 0.033105 0.041176
16 0.793008 0.762628 0.033105 0.041176