14 0.544703 0.298841 0.151300 0.199439
19 0.392800 0.333164 0.106600 0.122072
12 0.392800 0.333164 0.106600 0.122072
19 0.716867 0.320572 0.148347 0.101723
17 0.295889 0.781205 0.099842 0.072037
1 0.569511 0.330086 0.507812 0.288661
11 0.569511 0.330086 0.507812 0.288661
19 0.569511 0.330086 0.507812 0.288661
17 0.569511 0.330086 0.507812 0.288661
14 0.569511 0.330086 0.507812 0.288661
21 0.569511 0.330086 0.507812 0.288661
16 0.306859 0.797140 0.132062 0.122160
10 0.446028 0.295316 0.207737 0.167007
19 0.446028 0.295316 0.207737 0.167007
14 0.446028 0.295316 0.207737 0.167007
10 0.710793 0.338086 0.183300 0.195521
19 0.710793 0.338086 0.183300 0.195521