0 0.541329 0.295190 0.071164 0.070020
19 0.348009 0.224753 0.108582 0.126833
19 0.701725 0.231413 0.084233 0.092664
17 0.343403 0.132090 0.148066 0.077027
11 0.841147 0.689121 0.061723 0.112091
19 0.829846 0.657927 0.066880 0.154085
19 0.702324 0.232494 0.088404 0.064963
19 0.342257 0.216076 0.094841 0.099477
2 0.342257 0.216076 0.094841 0.099477
17 0.155930 0.767148 0.034236 0.056242
16 0.155930 0.767148 0.034236 0.056242
19 0.836804 0.704495 0.064964 0.074761
21 0.836804 0.704495 0.064964 0.074761
19 0.696874 0.232381 0.064768 0.071636
15 0.367340 0.187705 0.037638 0.033122
2 0.367340 0.187705 0.037638 0.033122
17 0.332329 0.125698 0.126911 0.044676
19 0.356399 0.219286 0.101530 0.111690