3 0.549999 0.534854 0.425696 0.117819
0 0.577411 0.306525 0.089223 0.085999
20 0.190277 0.297799 0.036716 0.041424
20 0.165329 0.425458 0.039541 0.057236
20 0.189806 0.344872 0.041424 0.036152
0 0.578815 0.300649 0.093446 0.085328
3 0.549486 0.532099 0.435663 0.110267
20 0.191140 0.293511 0.035473 0.034170
20 0.190778 0.345633 0.036197 0.036484
20 0.163269 0.420634 0.031853 0.049809
20 0.189895 0.296903 0.036033 0.030574
20 0.195354 0.349315 0.051320 0.039308
20 0.160959 0.426186 0.041493 0.077747
4 0.258685 0.101367 0.071184 0.075171
0 0.558600 0.323451 0.125924 0.119695