17 0.149435 0.793827 0.123929 0.146203
16 0.149435 0.793827 0.123929 0.146203
17 0.904890 0.910223 0.066208 0.095103
16 0.904890 0.910223 0.066208 0.095103
21 0.470129 0.600863 0.027573 0.025616
0 0.592407 0.326658 0.100448 0.090864
17 0.170838 0.810600 0.125140 0.132884
16 0.170838 0.810600 0.125140 0.132884
7 0.749549 0.505202 0.366806 0.747447
7 0.298936 0.445285 0.315793 0.664172
17 0.154008 0.788724 0.085817 0.149203
16 0.154008 0.788724 0.085817 0.149203
17 0.907290 0.904898 0.058576 0.058087
16 0.907290 0.904898 0.058576 0.058087
19 0.912739 0.852506 0.014985 0.074032
15 0.287501 0.199886 0.036779 0.026196
19 0.287501 0.199886 0.036779 0.026196
19 0.221055 0.272007 0.059550 0.034942
21 0.221055 0.272007 0.059550 0.034942