3 0.551679 0.540057 0.429350 0.147351
0 0.634507 0.211546 0.100924 0.093229
15 0.662452 0.113855 0.026762 0.021411
19 0.662452 0.113855 0.026762 0.021411
15 0.659217 0.144139 0.033694 0.020705
19 0.659217 0.144139 0.033694 0.020705
15 0.738776 0.155787 0.020634 0.017397
19 0.738776 0.155787 0.020634 0.017397
15 0.763717 0.200003 0.023928 0.019923
19 0.763717 0.200003 0.023928 0.019923
0 0.623887 0.236378 0.131411 0.147661
3 0.560427 0.499757 0.409207 0.158903
19 0.733364 0.172653 0.177205 0.141764
2 0.733364 0.172653 0.177205 0.141764
17 0.169602 0.538413 0.076744 0.083389
0 0.611432 0.214184 0.152240 0.116011
17 0.666393 0.090535 0.114566 0.023945
15 0.664846 0.108494 0.029935 0.030964
15 0.742773 0.156385 0.033030 0.017752
15 0.664073 0.143174 0.041801 0.021881
17 0.409279 0.076652 0.081964 0.020157
17 0.171728 0.549361 0.059516 0.068826
3 0.552959 0.522375 0.434672 0.153736
11 0.438975 0.162704 0.098344 0.187469