7 0.801474 0.694007 0.224310 0.225646
17 0.878448 0.816759 0.058694 0.069434
16 0.878448 0.816759 0.058694 0.069434
19 0.339619 0.323386 0.259295 0.182560
19 0.778045 0.337242 0.091298 0.050211
17 0.705454 0.223376 0.135039 0.095353
19 0.708902 0.289606 0.196467 0.151204
19 0.327942 0.321844 0.259177 0.162041
7 0.791070 0.641984 0.227174 0.323726
19 0.706836 0.337191 0.228785 0.320299
19 0.335728 0.429236 0.258049 0.395848
15 0.311120 0.369646 0.019952 0.021285
15 0.268555 0.538309 0.025273 0.018090
15 0.247273 0.360601 0.019952 0.013833
15 0.237962 0.388267 0.022612 0.018090
7 0.812007 0.681799 0.205134 0.244694
17 0.866087 0.820920 0.082756 0.115576