14 0.514175 0.258359 0.155917 0.188450
17 0.397238 0.126900 0.145287 0.095745
12 0.294474 0.265198 0.159460 0.104863
19 0.338768 0.232523 0.187808 0.179331
2 0.832124 0.361081 0.104815 0.088605
21 0.239251 0.703691 0.295338 0.112970
10 0.318157 0.215825 0.269037 0.341880
17 0.318157 0.215825 0.269037 0.341880
14 0.318157 0.215825 0.269037 0.341880
2 0.150631 0.502149 0.033630 0.032049
2 0.795199 0.383026 0.184340 0.152779
21 0.227855 0.743603 0.414766 0.222222
21 0.723520 0.783564 0.419475 0.204071
19 0.820069 0.365849 0.132755 0.157549
2 0.820069 0.365849 0.132755 0.157549
19 0.337238 0.260556 0.243687 0.268300
17 0.337238 0.260556 0.243687 0.268300
2 0.202613 0.566040 0.159506 0.159126
21 0.236689 0.768452 0.329462 0.254122