5 0.275567 0.466354 0.189010 0.140417
15 0.275567 0.466354 0.189010 0.140417
11 0.275567 0.466354 0.189010 0.140417
0 0.593132 0.386442 0.134805 0.138135
17 0.891239 0.675268 0.052812 0.087902
16 0.891239 0.675268 0.052812 0.087902
0 0.598216 0.385753 0.135788 0.138613
3 0.576690 0.676669 0.457317 0.132586
15 0.285001 0.474399 0.175529 0.139267
5 0.272132 0.476507 0.199736 0.137879
15 0.272132 0.476507 0.199736 0.137879
11 0.272132 0.476507 0.199736 0.137879
0 0.591429 0.389465 0.136907 0.133257
21 0.779916 0.740826 0.309932 0.119263