14 0.470920 0.227406 0.085933 0.153079
1 0.319191 0.216226 0.201406 0.098039
15 0.296804 0.357016 0.205963 0.097618
19 0.296804 0.357016 0.205963 0.097618
21 0.296804 0.357016 0.205963 0.097618
15 0.753823 0.431712 0.183505 0.310458
19 0.753823 0.431712 0.183505 0.310458
21 0.753823 0.431712 0.183505 0.310458
14 0.460032 0.273061 0.110678 0.265829
19 0.748513 0.427143 0.187537 0.349516
2 0.748513 0.427143 0.187537 0.349516
2 0.310028 0.339147 0.245734 0.184370
17 0.336771 0.223243 0.217065 0.086625
14 0.457912 0.237696 0.096362 0.195798
17 0.358226 0.206305 0.209338 0.143655
15 0.276414 0.348565 0.042680 0.039139
21 0.276414 0.348565 0.042680 0.039139
10 0.305029 0.330392 0.243470 0.164949
19 0.305029 0.330392 0.243470 0.164949
19 0.757052 0.451074 0.169751 0.396994
2 0.757052 0.451074 0.169751 0.396994
2 0.820100 0.435232 0.026189 0.083874