0 0.574384 0.180524 0.111579 0.083144
3 0.559232 0.492596 0.381567 0.092256
17 0.366382 0.084852 0.117087 0.028474
17 0.224499 0.525625 0.061988 0.058086
16 0.224499 0.525625 0.061988 0.058086
17 0.803051 0.539295 0.103315 0.092256
16 0.803051 0.539295 0.103315 0.092256
0 0.572159 0.175097 0.103531 0.090791
3 0.562748 0.476006 0.395308 0.116732
17 0.221330 0.531662 0.051674 0.053408
16 0.221330 0.531662 0.051674 0.053408
0 0.570591 0.186122 0.112945 0.120623
3 0.566668 0.468223 0.412561 0.121921
17 0.226051 0.529185 0.063219 0.057497
16 0.226051 0.529185 0.063219 0.057497
17 0.797656 0.527878 0.051626 0.056628
16 0.797656 0.527878 0.051626 0.056628