0 0.678034 0.390687 0.110383 0.100127
11 0.415978 0.622642 0.250670 0.442750
11 0.791981 0.315716 0.170978 0.181686
12 0.425588 0.543538 0.197277 0.279490
11 0.440587 0.746483 0.236505 0.224715
11 0.850716 0.600420 0.223813 0.629205
0 0.678702 0.426715 0.101436 0.184659
12 0.418138 0.532459 0.207697 0.240317
11 0.837740 0.621868 0.208635 0.651481
21 0.837740 0.621868 0.208635 0.651481
15 0.816222 0.336560 0.126298 0.144647
11 0.816222 0.336560 0.126298 0.144647
19 0.816222 0.336560 0.126298 0.144647
21 0.816222 0.336560 0.126298 0.144647
17 0.750266 0.203872 0.145949 0.059226