21 0.093560 0.569852 0.044267 0.234315
21 0.055329 0.717187 0.034877 0.088754
21 0.137157 0.258619 0.104632 0.189345
14 0.452533 0.220998 0.099563 0.179719
15 0.344548 0.413556 0.113350 0.240529
11 0.344548 0.413556 0.113350 0.240529
21 0.332442 0.342934 0.032331 0.027585
21 0.283681 0.152633 0.011130 0.019170
1 0.182856 0.435713 0.109255 0.201057
17 0.151572 0.594038 0.062264 0.083948
16 0.151572 0.594038 0.062264 0.083948
14 0.418530 0.279952 0.162941 0.279611
21 0.089300 0.561041 0.024552 0.235306
11 0.255777 0.442575 0.209891 0.259232
21 0.073265 0.603049 0.068760 0.327367
21 0.125107 0.253538 0.137520 0.244562
5 0.218425 0.431663 0.160440 0.250338
11 0.218425 0.431663 0.160440 0.250338
0 0.539304 0.318531 0.123330 0.164648
21 0.442167 0.226579 0.134242 0.231083
21 0.283649 0.150850 0.015068 0.023631