19 0.690941 0.276375 0.123854 0.169723
2 0.690941 0.276375 0.123854 0.169723
19 0.400229 0.295872 0.154816 0.181193
2 0.400229 0.295872 0.154816 0.181193
17 0.421445 0.152523 0.084863 0.020642
19 0.726541 0.278344 0.130277 0.164002
2 0.726541 0.278344 0.130277 0.164002
19 0.414715 0.284158 0.162809 0.198820
2 0.414715 0.284158 0.162809 0.198820
19 0.688218 0.262731 0.140309 0.152858
15 0.349425 0.369388 0.028519 0.019395
17 0.408172 0.149799 0.116351 0.036503
19 0.401328 0.245049 0.168828 0.169967