0 0.573275 0.309011 0.093857 0.079692
17 0.646479 0.165736 0.129571 0.028996
19 0.606762 0.206814 0.019718 0.043494
19 0.379730 0.187725 0.087319 0.028513
17 0.354380 0.157279 0.085068 0.016915
0 0.565843 0.319641 0.101757 0.115534
17 0.603605 0.165257 0.110032 0.057389
17 0.369018 0.170543 0.139078 0.045307
0 0.566036 0.309420 0.122636 0.096301
17 0.622104 0.163784 0.138014 0.019177
19 0.611413 0.191091 0.057346 0.058782
17 0.357098 0.163036 0.143126 0.020464
19 0.369599 0.186532 0.030873 0.046839