15 0.521803 0.262986 0.659198 0.320520
19 0.521803 0.262986 0.659198 0.320520
17 0.521803 0.262986 0.659198 0.320520
21 0.521803 0.262986 0.659198 0.320520
9 0.521803 0.262986 0.659198 0.320520
10 0.328688 0.221001 0.238311 0.271249
19 0.328688 0.221001 0.238311 0.271249
2 0.328688 0.221001 0.238311 0.271249
10 0.696943 0.239515 0.217624 0.227332
11 0.696943 0.239515 0.217624 0.227332
19 0.696943 0.239515 0.217624 0.227332
19 0.248201 0.506889 0.192446 0.143805
21 0.248201 0.506889 0.192446 0.143805
14 0.488760 0.248987 0.159173 0.256610
0 0.536877 0.320477 0.232875 0.243504
10 0.318829 0.177825 0.216470 0.196016
10 0.680006 0.177262 0.183526 0.181372
17 0.316997 0.123110 0.136909 0.079478