20 0.180202 0.520077 0.054021 0.061324
11 0.296607 0.700839 0.190306 0.146698
16 0.235071 0.753020 0.352125 0.304228
20 0.182441 0.517485 0.070446 0.054776
16 0.235031 0.777144 0.309048 0.163031
11 0.310065 0.701404 0.262988 0.250321
19 0.277441 0.296026 0.137188 0.028676
20 0.180554 0.515831 0.039275 0.049228
0 0.579182 0.424641 0.131772 0.123473
19 0.748839 0.422050 0.023427 0.023051
17 0.904325 0.878514 0.070112 0.146253
16 0.904325 0.878514 0.070112 0.146253
17 0.155903 0.733349 0.137733 0.110775
16 0.155903 0.733349 0.137733 0.110775
19 0.190408 0.708951 0.152480 0.029686
11 0.319292 0.679850 0.206715 0.169345