17 0.348839 0.598082 0.066053 0.030257
20 0.203891 0.504498 0.065930 0.042604
20 0.228945 0.416763 0.072084 0.047656
20 0.223011 0.346360 0.069007 0.039715
20 0.242790 0.270360 0.060216 0.035022
19 0.311805 0.228442 0.181095 0.185004
19 0.685600 0.184863 0.151581 0.161866
19 0.828125 0.363030 0.108143 0.239282
20 0.225080 0.336065 0.056779 0.059077
20 0.223999 0.417351 0.054616 0.057299
20 0.201287 0.504634 0.062186 0.057742
19 0.820331 0.350418 0.099828 0.192438
2 0.820331 0.350418 0.099828 0.192438
19 0.706014 0.157240 0.083822 0.102697
19 0.316838 0.205167 0.187533 0.156768
17 0.341363 0.590843 0.063710 0.037965
19 0.813562 0.332211 0.096264 0.159959
19 0.701135 0.140563 0.068338 0.067605
19 0.291462 0.193078 0.214573 0.131588
20 0.233410 0.269133 0.063196 0.051911
20 0.220550 0.342171 0.080097 0.039839
20 0.226796 0.419133 0.066135 0.047686
20 0.202546 0.505450 0.077893 0.038028