19 0.848777 0.669316 0.149713 0.114877
19 0.729009 0.240240 0.178547 0.163743
2 0.729009 0.240240 0.178547 0.163743
15 0.272891 0.255182 0.067795 0.048867
19 0.304654 0.229311 0.176841 0.132275
2 0.304654 0.229311 0.176841 0.132275
2 0.177345 0.359053 0.045029 0.028481
19 0.813073 0.621387 0.216141 0.203792
19 0.717976 0.232426 0.170283 0.242308
2 0.717976 0.232426 0.170283 0.242308
2 0.180609 0.362176 0.033908 0.018604
2 0.690870 0.185877 0.050314 0.041432
19 0.879989 0.643898 0.089567 0.027693