17 0.371758 0.761390 0.308390 0.121811
16 0.371758 0.761390 0.308390 0.121811
19 0.368705 0.635770 0.296177 0.197945
13 0.368705 0.635770 0.296177 0.197945
19 0.817524 0.340591 0.201984 0.188726
12 0.817524 0.340591 0.201984 0.188726
17 0.880056 0.737782 0.157071 0.107233
9 0.374273 0.386964 0.176501 0.165788
2 0.683149 0.351294 0.042313 0.058276
19 0.843331 0.513565 0.137814 0.105501
12 0.845939 0.334112 0.108409 0.099262
2 0.677815 0.353202 0.051448 0.054976
10 0.784385 0.474608 0.286635 0.652083
19 0.784385 0.474608 0.286635 0.652083
9 0.784385 0.474608 0.286635 0.652083
16 0.382913 0.728877 0.317872 0.158823
10 0.391020 0.473187 0.301040 0.663929
19 0.391020 0.473187 0.301040 0.663929
9 0.391020 0.473187 0.301040 0.663929
9 0.809736 0.429191 0.248369 0.566473
19 0.822734 0.393188 0.176167 0.074410
19 0.373651 0.565409 0.306127 0.255633
16 0.377261 0.745432 0.053430 0.001200