17 0.666284 0.219037 0.207568 0.105505
1 0.677179 0.288417 0.128441 0.189220
19 0.677179 0.288417 0.128441 0.189220
0 0.595182 0.318234 0.118118 0.127294
19 0.337730 0.233945 0.038993 0.038991
19 0.714730 0.299612 0.162676 0.184324
17 0.732284 0.237878 0.090114 0.092455
17 0.602380 0.284984 0.072559 0.210072
19 0.367328 0.273633 0.133208 0.157649
17 0.723927 0.226199 0.097751 0.100743
1 0.690514 0.358362 0.200488 0.243380
11 0.690514 0.358362 0.200488 0.243380
19 0.690514 0.358362 0.200488 0.243380
19 0.305995 0.272082 0.101740 0.124683
11 0.608223 0.240163 0.095755 0.166575