17 0.797824 0.774833 0.047650 0.058332
19 0.316709 0.640675 0.129802 0.136105
17 0.369414 0.119579 0.083877 0.033662
11 0.788334 0.688690 0.054611 0.097136
11 0.322845 0.620594 0.156268 0.179578
19 0.322845 0.620594 0.156268 0.179578
17 0.802258 0.681157 0.070887 0.132913
17 0.799797 0.789457 0.058087 0.058088
16 0.799797 0.789457 0.058087 0.058088
0 0.560976 0.305519 0.098843 0.133503
11 0.358583 0.595415 0.169248 0.198779
19 0.358583 0.595415 0.169248 0.198779
17 0.802145 0.676629 0.054523 0.124948
17 0.802145 0.784538 0.043164 0.077240
16 0.802145 0.784538 0.043164 0.077240
0 0.563609 0.306332 0.097684 0.131762