19 0.265805 0.503010 0.221163 0.065604
11 0.296246 0.565134 0.200041 0.104372
16 0.265184 0.649623 0.299441 0.148108
17 0.906929 0.734111 0.086975 0.080514
16 0.906929 0.734111 0.086975 0.080514
19 0.347503 0.356186 0.164860 0.216511
0 0.599184 0.373810 0.160382 0.150338
0 0.602973 0.372596 0.130564 0.139267
3 0.614507 0.634068 0.454354 0.163566
5 0.365324 0.339306 0.186002 0.278291
11 0.365324 0.339306 0.186002 0.278291
19 0.266643 0.496625 0.156184 0.047708
5 0.288650 0.536382 0.330825 0.122674
11 0.288650 0.536382 0.330825 0.122674
5 0.351027 0.279673 0.162716 0.153919
19 0.351027 0.279673 0.162716 0.153919
5 0.299353 0.525507 0.244075 0.114340
19 0.299353 0.525507 0.244075 0.114340
16 0.270768 0.624017 0.321035 0.160076
17 0.934826 0.736599 0.050573 0.072122
16 0.934826 0.736599 0.050573 0.072122
0 0.598398 0.369386 0.134132 0.127533
17 0.752962 0.218791 0.118008 0.072311