0 0.551398 0.301251 0.101235 0.097657
10 0.728560 0.397765 0.179888 0.138095
11 0.728560 0.397765 0.179888 0.138095
10 0.278839 0.411116 0.228950 0.233462
11 0.278839 0.411116 0.228950 0.233462
17 0.848563 0.842640 0.076781 0.128405
16 0.848563 0.842640 0.076781 0.128405
10 0.716450 0.393645 0.194610 0.172504
19 0.716450 0.393645 0.194610 0.172504
10 0.290831 0.363164 0.243589 0.363164
19 0.290831 0.363164 0.243589 0.363164
10 0.636606 0.156664 0.076625 0.079394
19 0.723982 0.386290 0.196492 0.171561
11 0.659332 0.161863 0.067191 0.049873
19 0.659332 0.161863 0.067191 0.049873
5 0.264311 0.395267 0.246378 0.285272
10 0.264311 0.395267 0.246378 0.285272
19 0.264311 0.395267 0.246378 0.285272
17 0.857743 0.845289 0.058409 0.102742
16 0.857743 0.845289 0.058409 0.102742