3 0.608465 0.629968 0.428744 0.125376
0 0.605930 0.328976 0.119605 0.091336
15 0.270519 0.275362 0.012532 0.018821
19 0.270519 0.275362 0.012532 0.018821
4 0.270519 0.275362 0.012532 0.018821
15 0.272086 0.256755 0.016708 0.010694
19 0.272086 0.256755 0.016708 0.010694
21 0.307347 0.289929 0.007774 0.007118
17 0.622456 0.199530 0.030410 0.020514
19 0.747485 0.251245 0.055195 0.032478
0 0.591042 0.328415 0.135776 0.106055
3 0.618411 0.623300 0.451538 0.159512
2 0.268987 0.268480 0.016585 0.037102
0 0.595708 0.339527 0.144961 0.128027
15 0.271009 0.267949 0.018026 0.031781
21 0.307171 0.290164 0.007514 0.006648