19 0.240742 0.516385 0.142309 0.039847
17 0.747272 0.659760 0.022235 0.033444
17 0.127785 0.690356 0.051587 0.056212
16 0.127785 0.690356 0.051587 0.056212
21 0.721033 0.521010 0.067595 0.194250
0 0.519134 0.440250 0.122739 0.108153
3 0.557378 0.642684 0.394905 0.098903
19 0.256034 0.526062 0.182431 0.052701
17 0.129521 0.694821 0.063241 0.050594
16 0.129521 0.694821 0.063241 0.050594
19 0.732799 0.561892 0.065304 0.238729
3 0.550420 0.641186 0.372398 0.114670
19 0.238485 0.522276 0.176891 0.035816
17 0.132569 0.683878 0.048045 0.086479
16 0.132569 0.683878 0.048045 0.086479
17 0.828668 0.707901 0.040399 0.064642
16 0.828668 0.707901 0.040399 0.064642
21 0.750050 0.413519 0.256602 0.539844
21 0.738038 0.642823 0.079714 0.086479