19 0.740377 0.314350 0.210868 0.197173
5 0.255292 0.305724 0.267933 0.240716
11 0.255292 0.305724 0.267933 0.240716
11 0.282404 0.490295 0.153862 0.226020
5 0.263985 0.387115 0.277574 0.427750
11 0.263985 0.387115 0.277574 0.427750
5 0.215317 0.351762 0.167377 0.188335
11 0.215317 0.351762 0.167377 0.188335
5 0.324040 0.256379 0.127321 0.150668
15 0.324040 0.256379 0.127321 0.150668
11 0.324040 0.256379 0.127321 0.150668
10 0.271824 0.497570 0.177391 0.227217
11 0.271824 0.497570 0.177391 0.227217
17 0.076551 0.799513 0.041487 0.053466
16 0.076551 0.799513 0.041487 0.053466
19 0.728175 0.297691 0.163085 0.121507
21 0.728175 0.297691 0.163085 0.121507
17 0.757505 0.173755 0.087264 0.055893
0 0.583689 0.343257 0.140198 0.159175