17 0.163440 0.793281 0.054670 0.078587
16 0.163440 0.793281 0.054670 0.078587
7 0.240888 0.639521 0.214122 0.285879
18 0.240888 0.639521 0.214122 0.285879
21 0.240888 0.639521 0.214122 0.285879
17 0.365604 0.134966 0.135536 0.037585
17 0.625285 0.131549 0.076312 0.026196
21 0.453304 0.515376 0.121868 0.354216
18 0.308655 0.261389 0.251707 0.313211
21 0.308655 0.261389 0.251707 0.313211
13 0.308655 0.261389 0.251707 0.313211
20 0.288145 0.346985 0.033310 0.054832
19 0.334009 0.228863 0.061494 0.145539
19 0.301724 0.359285 0.171161 0.133754
19 0.620295 0.209544 0.058369 0.159426
7 0.293515 0.445765 0.263620 0.619063
17 0.190326 0.801204 0.098444 0.066211
16 0.190326 0.801204 0.098444 0.066211
19 0.328337 0.218424 0.058365 0.141375
19 0.321082 0.360397 0.208317 0.136341
19 0.319591 0.546496 0.076664 0.161169
7 0.287286 0.454774 0.300909 0.640725
9 0.672500 0.572804 0.171204 0.394294
19 0.631909 0.202378 0.040947 0.129806
7 0.641056 0.199328 0.198630 0.165525