3 0.566954 0.629484 0.450431 0.125706
11 0.234520 0.615413 0.148631 0.060039
11 0.838687 0.665601 0.106650 0.089118
17 0.663856 0.143812 0.096106 0.031454
17 0.407907 0.148778 0.076753 0.024832
20 0.753957 0.314050 0.028032 0.046353
20 0.758961 0.385788 0.034039 0.040833
20 0.780986 0.464699 0.038043 0.043044
10 0.273403 0.611813 0.210406 0.058835
10 0.830411 0.644823 0.134957 0.084704
20 0.753244 0.315643 0.043425 0.046331
20 0.750793 0.383115 0.035720 0.041120
20 0.773943 0.459767 0.037169 0.045902
17 0.353151 0.161937 0.129367 0.027832
17 0.655774 0.149112 0.098343 0.021829
0 0.567331 0.342846 0.119465 0.105871
20 0.753789 0.315013 0.036965 0.043658
20 0.752469 0.381318 0.042244 0.031107
21 0.150319 0.674175 0.089421 0.061748
3 0.586951 0.627137 0.448429 0.141950