17 0.189593 0.697762 0.098938 0.055406
19 0.241132 0.558646 0.171815 0.202514
0 0.505391 0.443941 0.101068 0.114813
17 0.051501 0.806276 0.075034 0.122781
16 0.051501 0.806276 0.075034 0.122781
21 0.189632 0.729196 0.201228 0.091406
17 0.256232 0.234792 0.072670 0.047908
0 0.482989 0.448224 0.149378 0.131344
19 0.251382 0.635644 0.128665 0.192219
17 0.053630 0.788036 0.056164 0.146288
16 0.053630 0.788036 0.056164 0.146288
19 0.298961 0.453924 0.038705 0.083396
17 0.197261 0.716413 0.177165 0.062188
21 0.197261 0.716413 0.177165 0.062188