15 0.766105 0.456709 0.138807 0.143947
19 0.766105 0.456709 0.138807 0.143947
11 0.387247 0.188439 0.135229 0.147510
2 0.787679 0.455330 0.106967 0.138941
19 0.376117 0.239370 0.127621 0.133584
19 0.761696 0.304508 0.084175 0.121019
17 0.375439 0.174893 0.211796 0.106470
11 0.390835 0.238593 0.201902 0.262457
19 0.390835 0.238593 0.201902 0.262457
17 0.748265 0.417764 0.189916 0.222506
2 0.748265 0.417764 0.189916 0.222506
15 0.358530 0.650902 0.116723 0.129692
0 0.578279 0.283983 0.097238 0.090027