11 0.824106 0.752704 0.084976 0.051999
21 0.686620 0.144376 0.047810 0.099928
17 0.271759 0.208679 0.130848 0.102229
15 0.817283 0.750012 0.068996 0.051761
9 0.284454 0.538853 0.290029 0.664974
9 0.767285 0.663259 0.220818 0.368770
15 0.813022 0.750570 0.057029 0.047838
21 0.813022 0.750570 0.057029 0.047838
19 0.293432 0.263667 0.206569 0.206149
19 0.735716 0.239750 0.153343 0.110478
21 0.735716 0.239750 0.153343 0.110478
17 0.150228 0.928247 0.041820 0.054669
16 0.150228 0.928247 0.041820 0.054669