0 0.585831 0.326151 0.117808 0.079622
16 0.732387 0.620151 0.250998 0.388288
11 0.722559 0.302020 0.213199 0.277002
19 0.346820 0.187106 0.145154 0.163299
17 0.082875 0.835130 0.069375 0.073288
16 0.082875 0.835130 0.069375 0.073288
18 0.167445 0.650523 0.279944 0.339087
11 0.264094 0.587984 0.178589 0.333983
15 0.686771 0.531066 0.215373 0.210694
16 0.736612 0.685149 0.150143 0.211681
19 0.706417 0.232964 0.075707 0.060267
18 0.210393 0.463561 0.271181 0.717586
16 0.214222 0.854168 0.263109 0.060865
19 0.347221 0.195307 0.153855 0.171411
18 0.254415 0.462985 0.412872 0.771072
16 0.695757 0.617311 0.222096 0.416858
19 0.209567 0.608200 0.092540 0.298406
1 0.356207 0.192483 0.129556 0.189066
19 0.356207 0.192483 0.129556 0.189066
11 0.702166 0.284169 0.175113 0.267655
19 0.702166 0.284169 0.175113 0.267655
14 0.549117 0.197039 0.122435 0.273348