17 0.855892 0.696478 0.052650 0.122025
16 0.855892 0.696478 0.052650 0.122025
11 0.788882 0.588307 0.102110 0.120703
15 0.847913 0.332387 0.028717 0.023085
15 0.726657 0.242684 0.035102 0.025724
19 0.739518 0.281079 0.180358 0.186781
15 0.189213 0.665241 0.029368 0.033893
19 0.737207 0.222793 0.130201 0.075630
15 0.843720 0.335218 0.027512 0.024903
11 0.798817 0.609163 0.098146 0.102962
16 0.823787 0.712977 0.110559 0.118258
17 0.648850 0.157338 0.123701 0.057829
10 0.728785 0.213381 0.193059 0.107534
19 0.728785 0.213381 0.193059 0.107534
16 0.827053 0.709782 0.111043 0.177122
19 0.745892 0.493892 0.116185 0.126650
15 0.846110 0.335570 0.029898 0.028892