0 0.547218 0.304807 0.120286 0.100935
5 0.267380 0.341737 0.322519 0.337928
11 0.267380 0.341737 0.322519 0.337928
17 0.089573 0.687613 0.050454 0.062378
16 0.089573 0.687613 0.050454 0.062378
0 0.528789 0.326702 0.129314 0.132902
1 0.258211 0.342609 0.258735 0.329990
5 0.258211 0.342609 0.258735 0.329990
17 0.078832 0.681528 0.055384 0.048938
16 0.078832 0.681528 0.055384 0.048938
21 0.339707 0.578090 0.221523 0.214632
0 0.512552 0.313471 0.130035 0.119906
17 0.080231 0.681917 0.051090 0.085833
16 0.080231 0.681917 0.051090 0.085833
17 0.290205 0.186834 0.189395 0.035673
11 0.280765 0.343373 0.256327 0.380115
17 0.280765 0.343373 0.256327 0.380115
17 0.842860 0.716628 0.049931 0.117382