0 0.544725 0.302752 0.090596 0.121560
3 0.586582 0.621559 0.360091 0.126146
17 0.666284 0.160550 0.053897 0.041285
17 0.387042 0.163991 0.167433 0.050459
17 0.837155 0.728784 0.037845 0.051605
16 0.837155 0.728784 0.037845 0.051605
17 0.281537 0.780964 0.041285 0.061927
16 0.281537 0.780964 0.041285 0.061927
3 0.580231 0.591143 0.347884 0.163027
17 0.392943 0.153452 0.118685 0.034997
9 0.693698 0.439168 0.206855 0.465427
9 0.343504 0.422304 0.163011 0.427202
3 0.582772 0.598280 0.352191 0.151442
0 0.550247 0.290404 0.088060 0.088600