20 0.815362 0.518118 0.074266 0.302015
19 0.706508 0.247741 0.084031 0.106225
19 0.703406 0.252125 0.096594 0.110617
20 0.811279 0.392568 0.044416 0.044015
20 0.813748 0.456562 0.050765 0.045751
20 0.839128 0.556217 0.044126 0.052857
20 0.833016 0.636486 0.070326 0.065465
19 0.709441 0.479935 0.143302 0.134907
19 0.703979 0.256365 0.092088 0.086196
20 0.811793 0.391005 0.035634 0.048526
20 0.815546 0.460714 0.050639 0.058542
20 0.835707 0.551609 0.040326 0.058538
20 0.831488 0.639036 0.061889 0.077798
17 0.702371 0.196117 0.082450 0.044857