1 0.664418 0.376581 0.153724 0.109219
0 0.478445 0.457851 0.125774 0.099757
3 0.504022 0.679281 0.430715 0.144069
14 0.564998 0.393277 0.100734 0.187536
1 0.714453 0.394856 0.211745 0.150636
14 0.570456 0.385176 0.096589 0.159244
0 0.464713 0.464059 0.105660 0.113083
3 0.507546 0.682802 0.428345 0.132500
0 0.470925 0.460417 0.116300 0.104465
10 0.707049 0.424819 0.193090 0.122132
19 0.707049 0.424819 0.193090 0.122132
2 0.707049 0.424819 0.193090 0.122132
19 0.291930 0.463099 0.052546 0.050372
21 0.660751 0.507540 0.089696 0.109524
3 0.504854 0.669486 0.417689 0.135750