19 0.146284 0.715451 0.043880 0.040421
17 0.116382 0.789513 0.053283 0.052631
16 0.116382 0.789513 0.053283 0.052631
17 0.853206 0.766854 0.041102 0.048247
16 0.853206 0.766854 0.041102 0.048247
19 0.817598 0.647314 0.078794 0.025414
16 0.850887 0.774711 0.094908 0.086009
16 0.123716 0.783054 0.086886 0.066753
19 0.156042 0.726939 0.085093 0.070889
17 0.328244 0.200160 0.088172 0.017228
17 0.640339 0.192235 0.080760 0.024129
0 0.536484 0.406158 0.125955 0.126821
17 0.870642 0.760166 0.046718 0.105935
16 0.870642 0.760166 0.046718 0.105935
17 0.117944 0.774187 0.035039 0.082879
16 0.117944 0.774187 0.035039 0.082879
19 0.140979 0.711873 0.048666 0.091601
19 0.364051 0.537842 0.098499 0.027206