19 0.820739 0.537800 0.129197 0.051065
16 0.733227 0.658666 0.338744 0.323099
14 0.492360 0.346532 0.112348 0.195907
16 0.749176 0.725000 0.331096 0.255051
19 0.822201 0.530897 0.098834 0.025805
5 0.747088 0.590998 0.282274 0.224775
11 0.747088 0.590998 0.282274 0.224775
17 0.076269 0.830667 0.030046 0.039388
16 0.758268 0.712892 0.329205 0.185246
17 0.675311 0.219319 0.169106 0.035577
0 0.560159 0.398447 0.118472 0.114559
11 0.752718 0.592771 0.287331 0.201242
19 0.752718 0.592771 0.287331 0.201242