15 0.900317 0.660601 0.040870 0.022891
19 0.813714 0.473021 0.138496 0.131704
19 0.344969 0.362576 0.168830 0.245182
17 0.835892 0.847481 0.044212 0.028534
19 0.822792 0.463806 0.112876 0.099226
2 0.822792 0.463806 0.112876 0.099226
19 0.367814 0.345871 0.206945 0.224486
2 0.367814 0.345871 0.206945 0.224486
15 0.449736 0.496808 0.055609 0.043274
15 0.819989 0.418672 0.027314 0.021637
15 0.834624 0.460344 0.060489 0.037667
15 0.793646 0.532872 0.027319 0.022441
15 0.801449 0.488393 0.083904 0.052091
15 0.379491 0.349750 0.082928 0.044077
15 0.309734 0.377800 0.050733 0.052093
15 0.892971 0.655991 0.063913 0.031023
11 0.425141 0.282407 0.098595 0.075567
7 0.235120 0.809944 0.243810 0.245231