0 0.610928 0.352274 0.107493 0.109758
3 0.624121 0.721887 0.458326 0.151036
15 0.693380 0.243881 0.059211 0.050364
11 0.693380 0.243881 0.059211 0.050364
0 0.611661 0.373555 0.132384 0.141205
3 0.616407 0.699865 0.452298 0.150636
15 0.694777 0.241184 0.061751 0.058937
15 0.866892 0.663375 0.044294 0.038269
15 0.866926 0.731996 0.031072 0.027770
17 0.641969 0.136738 0.091832 0.048556
17 0.367455 0.133674 0.129156 0.030171
0 0.598117 0.355335 0.138483 0.123041
15 0.697562 0.243609 0.057456 0.057984
3 0.618766 0.727320 0.449551 0.141064