11 0.719824 0.323767 0.214206 0.057952
21 0.719824 0.323767 0.214206 0.057952
17 0.846165 0.676717 0.048598 0.061052
16 0.846165 0.676717 0.048598 0.061052
17 0.324044 0.163157 0.159266 0.036622
21 0.695506 0.273403 0.230794 0.202181
17 0.848765 0.679293 0.051879 0.068740
16 0.848765 0.679293 0.051879 0.068740
17 0.843320 0.670872 0.063073 0.061924
16 0.843320 0.670872 0.063073 0.061924
17 0.330205 0.154095 0.122037 0.027266
17 0.718854 0.195873 0.153924 0.102027
5 0.730397 0.345396 0.234180 0.080917
11 0.730397 0.345396 0.234180 0.080917
21 0.730397 0.345396 0.234180 0.080917