0 0.571293 0.301859 0.125666 0.086369
17 0.089768 0.755550 0.080959 0.073162
16 0.089768 0.755550 0.080959 0.073162
11 0.197097 0.339461 0.152872 0.144901
19 0.295659 0.414167 0.096551 0.023679
5 0.196653 0.375870 0.137977 0.156978
17 0.092664 0.765323 0.086236 0.075929
16 0.092664 0.765323 0.086236 0.075929
0 0.566979 0.306591 0.133919 0.098124
17 0.263511 0.308566 0.277232 0.239053
2 0.263511 0.308566 0.277232 0.239053
17 0.069869 0.744588 0.084248 0.153949
16 0.069869 0.744588 0.084248 0.153949
11 0.167440 0.533113 0.194258 0.206778
17 0.167440 0.533113 0.194258 0.206778