17 0.124239 0.835234 0.041566 0.042845
10 0.732470 0.381608 0.126233 0.152302
1 0.638189 0.218771 0.197102 0.163828
5 0.638189 0.218771 0.197102 0.163828
10 0.327664 0.208490 0.090513 0.085493
17 0.120985 0.831193 0.050535 0.062903
10 0.696952 0.319532 0.164701 0.187270
19 0.696952 0.319532 0.164701 0.187270
17 0.629063 0.191162 0.179968 0.111757
10 0.325853 0.211744 0.146654 0.106563
19 0.325853 0.211744 0.146654 0.106563
10 0.307500 0.205470 0.144884 0.070381
19 0.307500 0.205470 0.144884 0.070381
10 0.722687 0.326694 0.112494 0.170565
11 0.722687 0.326694 0.112494 0.170565
17 0.120331 0.814994 0.044279 0.055922
16 0.120331 0.814994 0.044279 0.055922