15 0.265930 0.437305 0.297813 0.567659
15 0.751256 0.452212 0.192417 0.547786
0 0.603971 0.314186 0.096505 0.131598
15 0.712292 0.418894 0.046875 0.059170
15 0.743692 0.527367 0.040689 0.037648
15 0.815778 0.391552 0.041572 0.052892
15 0.788801 0.629564 0.045993 0.066341
15 0.344779 0.368244 0.049533 0.060064
15 0.257213 0.511677 0.040687 0.045721
15 0.179819 0.620599 0.045110 0.050199
15 0.313379 0.630909 0.030958 0.047513
15 0.323875 0.446429 0.033616 0.036908
17 0.660033 0.131632 0.084040 0.046137
0 0.604759 0.322041 0.091972 0.123115
3 0.552701 0.639495 0.373087 0.149493
15 0.707402 0.417983 0.056345 0.051029
15 0.271618 0.467193 0.199010 0.419198
11 0.271618 0.467193 0.199010 0.419198
15 0.748762 0.476305 0.160645 0.483595
11 0.748762 0.476305 0.160645 0.483595