19 0.278896 0.383081 0.272296 0.263158
19 0.701960 0.401357 0.237574 0.250002
17 0.118813 0.827028 0.045079 0.104326
17 0.775388 0.312997 0.057244 0.061588
17 0.278539 0.259771 0.129102 0.055816
9 0.686832 0.511835 0.277569 0.529899
9 0.281946 0.473383 0.287906 0.460650
19 0.310758 0.361665 0.234639 0.223622
19 0.686183 0.318409 0.236680 0.181182
21 0.344934 0.480821 0.129562 0.099566
21 0.229539 0.799450 0.230559 0.110997
17 0.811226 0.897314 0.036115 0.055913
17 0.111126 0.855380 0.031452 0.044733
0 0.563103 0.445802 0.106007 0.157493