0 0.527441 0.347128 0.104327 0.089938
3 0.528341 0.639241 0.388526 0.110080
15 0.210272 0.330787 0.093728 0.122870
3 0.526752 0.605708 0.393970 0.129701
0 0.522698 0.357328 0.107001 0.110247
17 0.573255 0.185671 0.077535 0.021066
17 0.358575 0.185963 0.110448 0.016969
19 0.215944 0.341030 0.084116 0.114106
17 0.365072 0.188262 0.126436 0.022294
17 0.580269 0.189294 0.090312 0.026010
0 0.520907 0.338694 0.116406 0.098507
3 0.528924 0.603576 0.399705 0.130632
15 0.228592 0.292949 0.028925 0.017355
15 0.176166 0.320428 0.010847 0.010847
15 0.203735 0.361646 0.018982 0.013736
15 0.228140 0.380990 0.019886 0.012653
15 0.208254 0.314281 0.010847 0.012293