17 0.850182 0.527408 0.053469 0.033765
17 0.944539 0.557795 0.051373 0.055525
16 0.944539 0.557795 0.051373 0.055525
11 0.808247 0.331574 0.076535 0.078783
15 0.690824 0.331200 0.135244 0.103545
11 0.690824 0.331200 0.135244 0.103545
11 0.424527 0.331199 0.059761 0.115548
15 0.692985 0.331362 0.118549 0.103496
15 0.815566 0.336247 0.096822 0.067072
17 0.933702 0.570223 0.057073 0.036567
16 0.933702 0.570223 0.057073 0.036567
5 0.855139 0.527311 0.117339 0.100772
11 0.855139 0.527311 0.117339 0.100772
0 0.595184 0.281587 0.139545 0.102596
5 0.694317 0.329884 0.122772 0.102051
15 0.694317 0.329884 0.122772 0.102051
11 0.810420 0.331769 0.101005 0.078517
15 0.420289 0.322584 0.068426 0.097103
11 0.420289 0.322584 0.068426 0.097103
17 0.945143 0.562321 0.046146 0.089108
16 0.945143 0.562321 0.046146 0.089108
21 0.861991 0.529293 0.097520 0.064184