15 0.210048 0.658891 0.053534 0.033111
15 0.195100 0.535834 0.043105 0.028696
15 0.812562 0.666419 0.066130 0.037489
19 0.790969 0.523416 0.133608 0.096406
19 0.866547 0.683557 0.055333 0.048203
16 0.200822 0.826140 0.295484 0.105540
19 0.769119 0.558855 0.176637 0.144826
15 0.331719 0.688077 0.061378 0.047694
15 0.321664 0.649400 0.062877 0.056698
15 0.194667 0.537897 0.038148 0.029358
15 0.813917 0.669875 0.065897 0.039277
19 0.873429 0.686838 0.065476 0.040422
15 0.434450 0.369200 0.089540 0.131480
21 0.434450 0.369200 0.089540 0.131480
11 0.256333 0.484942 0.394338 0.589156
17 0.747587 0.167957 0.119636 0.035918
17 0.341970 0.162488 0.145771 0.024225
15 0.415093 0.415120 0.140350 0.269273
11 0.415093 0.415120 0.140350 0.269273
11 0.233964 0.602081 0.301540 0.307807
9 0.233964 0.602081 0.301540 0.307807
15 0.815940 0.669690 0.073245 0.052212
19 0.779428 0.539484 0.151238 0.104431