15 0.756213 0.262632 0.192841 0.186580
11 0.756213 0.262632 0.192841 0.186580
21 0.386401 0.359209 0.161989 0.402004
17 0.084934 0.834151 0.051261 0.037315
16 0.084934 0.834151 0.051261 0.037315
18 0.262160 0.474024 0.425344 0.716166
18 0.272981 0.459370 0.400165 0.710778
16 0.258925 0.871083 0.386892 0.113844
15 0.761885 0.258295 0.194551 0.193886
15 0.742261 0.263903 0.215842 0.212394
11 0.742261 0.263903 0.215842 0.212394
11 0.433247 0.233293 0.166154 0.193654
11 0.378120 0.421948 0.152176 0.268615
18 0.284174 0.465051 0.399077 0.709645
17 0.134326 0.831743 0.127332 0.046227
16 0.134326 0.831743 0.127332 0.046227