15 0.751619 0.394115 0.015903 0.008229
15 0.624408 0.345849 0.017773 0.017961
15 0.697834 0.275508 0.018707 0.014966
15 0.701576 0.376528 0.013099 0.008979
15 0.785760 0.348842 0.016840 0.010476
15 0.767053 0.492142 0.018707 0.014215
15 0.735441 0.693590 0.027235 0.023243
15 0.611628 0.425851 0.017595 0.013569
15 0.710582 0.327840 0.014453 0.010555
2 0.716181 0.325724 0.230313 0.139697
2 0.754998 0.690226 0.107070 0.040826
2 0.759640 0.522286 0.068247 0.096406
19 0.716432 0.317740 0.200486 0.120291
2 0.716432 0.317740 0.200486 0.120291
2 0.768835 0.495747 0.083537 0.038882
2 0.735419 0.696840 0.074423 0.049819