0 0.587470 0.300114 0.126728 0.103645
19 0.311282 0.575171 0.238309 0.107061
21 0.311282 0.575171 0.238309 0.107061
9 0.311282 0.575171 0.238309 0.107061
19 0.783079 0.583143 0.093669 0.129840
21 0.783079 0.583143 0.093669 0.129840
9 0.783079 0.583143 0.093669 0.129840
0 0.590726 0.304703 0.116799 0.125886
10 0.803423 0.597435 0.101217 0.128320
9 0.803423 0.597435 0.101217 0.128320
10 0.323405 0.537822 0.257757 0.173861
9 0.323405 0.537822 0.257757 0.173861
11 0.784278 0.593039 0.105618 0.139561
19 0.784278 0.593039 0.105618 0.139561
11 0.293208 0.571820 0.203339 0.105280
19 0.293208 0.571820 0.203339 0.105280
0 0.590811 0.296375 0.121409 0.101203