17 0.377345 0.114762 0.128571 0.044015
19 0.372423 0.221325 0.094400 0.196909
17 0.608426 0.100573 0.099611 0.046911
19 0.701108 0.218522 0.218146 0.214695
0 0.571210 0.219324 0.097873 0.090599
19 0.693100 0.207510 0.236261 0.204459
19 0.365966 0.210350 0.165840 0.196509
17 0.612916 0.106779 0.120037 0.040012
17 0.369148 0.120422 0.114740 0.033834
0 0.574406 0.223014 0.095814 0.106767
10 0.671499 0.226654 0.237007 0.244145
19 0.671499 0.226654 0.237007 0.244145
10 0.388237 0.189533 0.174272 0.125979
19 0.388237 0.189533 0.174272 0.125979