10 0.229858 0.593963 0.158203 0.241527
10 0.256208 0.395718 0.109755 0.092720
17 0.675453 0.161296 0.104011 0.046735
17 0.384715 0.155200 0.087629 0.031834
15 0.928156 0.453639 0.015609 0.020588
15 0.853117 0.556262 0.024755 0.013645
9 0.233809 0.536455 0.222522 0.398901
15 0.223272 0.477804 0.058490 0.049622
12 0.223272 0.477804 0.058490 0.049622
19 0.163326 0.547255 0.068311 0.045672
11 0.248901 0.425636 0.101176 0.203836
19 0.248901 0.425636 0.101176 0.203836
17 0.667020 0.139495 0.147169 0.053834