11 0.369414 0.537902 0.089181 0.127399
17 0.300935 0.628994 0.052870 0.066250
16 0.300935 0.628994 0.052870 0.066250
11 0.474089 0.403381 0.083451 0.264995
1 0.443740 0.494198 0.149368 0.223285
5 0.443740 0.494198 0.149368 0.223285
19 0.379643 0.527775 0.132263 0.146149
17 0.307028 0.611746 0.043320 0.051195
16 0.307028 0.611746 0.043320 0.051195
19 0.379777 0.524393 0.109769 0.145485
1 0.446859 0.495208 0.149844 0.240449
5 0.446859 0.495208 0.149844 0.240449
17 0.303549 0.611512 0.049659 0.063597
16 0.303549 0.611512 0.049659 0.063597