11 0.283173 0.523096 0.274401 0.161404
16 0.262426 0.550479 0.294479 0.475568
17 0.863383 0.745859 0.048816 0.110201
16 0.863383 0.745859 0.048816 0.110201
17 0.314387 0.119223 0.054613 0.022717
11 0.287593 0.498661 0.286718 0.236055
19 0.260559 0.323023 0.060873 0.042131
16 0.255066 0.606313 0.351772 0.269780
17 0.862800 0.761692 0.045698 0.052269
16 0.862800 0.761692 0.045698 0.052269
11 0.273530 0.535201 0.305970 0.166464
16 0.257197 0.603194 0.334280 0.297762
17 0.866698 0.756546 0.062770 0.095163
16 0.866698 0.756546 0.062770 0.095163
11 0.256430 0.323006 0.056002 0.037551