17 0.704008 0.180126 0.156920 0.041751
0 0.575519 0.331052 0.126956 0.091683
17 0.148559 0.941111 0.059727 0.071864
16 0.148559 0.941111 0.059727 0.071864
21 0.244279 0.839271 0.203585 0.129881
17 0.904697 0.882863 0.045806 0.088408
16 0.904697 0.882863 0.045806 0.088408
17 0.894839 0.871631 0.081583 0.084725
17 0.138257 0.923619 0.098517 0.088575
7 0.769413 0.518213 0.332980 0.672283
7 0.257136 0.522148 0.311409 0.734115
17 0.689518 0.167688 0.142740 0.019839
17 0.719148 0.179949 0.168180 0.040930
0 0.570804 0.343344 0.132188 0.110236
17 0.901363 0.882403 0.051558 0.095965
16 0.901363 0.882403 0.051558 0.095965
17 0.141423 0.941602 0.051559 0.066054
16 0.141423 0.941602 0.051559 0.066054
21 0.277794 0.843768 0.266017 0.148306