0 0.580204 0.322932 0.135538 0.130316
16 0.312239 0.456728 0.338222 0.485447
11 0.314725 0.336859 0.248692 0.207907
16 0.263963 0.503017 0.306094 0.277639
11 0.317852 0.342211 0.258670 0.204349
5 0.282285 0.327122 0.140113 0.158652
0 0.573290 0.328415 0.142266 0.142268
19 0.778071 0.497844 0.127183 0.043111
3 0.585044 0.546854 0.455711 0.225931
0 0.578576 0.330840 0.148481 0.145029
3 0.581166 0.573932 0.467885 0.216851
11 0.303197 0.339816 0.250345 0.198895
16 0.278163 0.450314 0.328040 0.477900