19 0.730078 0.442618 0.155998 0.055187
0 0.558010 0.357642 0.131697 0.088425
19 0.284337 0.443800 0.194972 0.090622
11 0.346467 0.308967 0.072085 0.123025
19 0.725783 0.448415 0.157096 0.059649
19 0.292336 0.449436 0.191779 0.097872
19 0.350074 0.321864 0.092834 0.156709
17 0.633075 0.254831 0.085872 0.017335
17 0.295806 0.250978 0.057381 0.028249
11 0.361811 0.339387 0.098573 0.174920
19 0.361811 0.339387 0.098573 0.174920
11 0.296947 0.463405 0.187401 0.103733
19 0.296947 0.463405 0.187401 0.103733
19 0.743646 0.436481 0.142326 0.024740
0 0.564054 0.367197 0.117300 0.106300