0 0.602088 0.329322 0.117819 0.094630
9 0.280846 0.674823 0.140375 0.093141
17 0.216618 0.842357 0.051647 0.041126
16 0.216618 0.842357 0.051647 0.041126
15 0.347875 0.560151 0.021150 0.020563
0 0.614259 0.358800 0.112017 0.147341
10 0.299113 0.689632 0.156827 0.140521
10 0.286153 0.685588 0.104133 0.093766
15 0.286153 0.685588 0.104133 0.093766
19 0.286153 0.685588 0.104133 0.093766
17 0.213408 0.848161 0.039881 0.049245
16 0.213408 0.848161 0.039881 0.049245
15 0.349666 0.560116 0.027325 0.022262
19 0.383023 0.340969 0.103034 0.162717
21 0.383023 0.340969 0.103034 0.162717