19 0.671876 0.247915 0.068020 0.196845
11 0.399790 0.162549 0.051018 0.040173
19 0.399790 0.162549 0.051018 0.040173
17 0.796380 0.163553 0.074098 0.054233
17 0.122237 0.676759 0.057089 0.052223
16 0.122237 0.676759 0.057089 0.052223
17 0.732813 0.147688 0.213476 0.077094
19 0.661654 0.224528 0.044165 0.170925
17 0.370895 0.160239 0.244974 0.078177
19 0.678360 0.247583 0.074870 0.239541
3 0.630264 0.589167 0.430945 0.134792
0 0.593356 0.265962 0.112996 0.138298
11 0.350918 0.167247 0.154289 0.027661
17 0.350918 0.167247 0.154289 0.027661