17 0.194954 0.767202 0.035550 0.048167
16 0.194954 0.767202 0.035550 0.048167
17 0.770641 0.799312 0.037845 0.059632
16 0.770641 0.799312 0.037845 0.059632
19 0.715861 0.641758 0.100433 0.054232
10 0.311690 0.460832 0.148638 0.247061
19 0.311690 0.460832 0.148638 0.247061
21 0.311690 0.460832 0.148638 0.247061
21 0.726491 0.707570 0.084863 0.075687
19 0.714769 0.655996 0.145807 0.038158
10 0.728252 0.677707 0.095768 0.169196
19 0.728252 0.677707 0.095768 0.169196
9 0.728252 0.677707 0.095768 0.169196
17 0.273998 0.308627 0.066828 0.213852
21 0.273998 0.308627 0.066828 0.213852