17 0.064217 0.828670 0.112406 0.122074
16 0.064217 0.828670 0.112406 0.122074
17 0.858523 0.859949 0.083423 0.091556
16 0.858523 0.859949 0.083423 0.091556
17 0.315940 0.090212 0.127408 0.040484
17 0.687546 0.102511 0.154541 0.046634
17 0.070768 0.864570 0.090131 0.075736
16 0.070768 0.864570 0.090131 0.075736
17 0.878255 0.863285 0.053194 0.052633
16 0.878255 0.863285 0.053194 0.052633
17 0.313132 0.093370 0.104298 0.043797
17 0.078621 0.817954 0.095527 0.084331
16 0.078621 0.817954 0.095527 0.084331
17 0.872880 0.850082 0.060087 0.065590
16 0.872880 0.850082 0.060087 0.065590
17 0.321117 0.094092 0.134537 0.044056
17 0.696268 0.102184 0.143852 0.047653