19 0.716101 0.195950 0.086188 0.134438
3 0.565272 0.716415 0.471578 0.130596
15 0.315623 0.412570 0.255559 0.381240
21 0.315623 0.412570 0.255559 0.381240
14 0.466103 0.183546 0.068644 0.146199
21 0.120233 0.535135 0.024738 0.032979
21 0.025808 0.685308 0.044951 0.385628
15 0.321632 0.402252 0.264986 0.394923
21 0.321632 0.402252 0.264986 0.394923
0 0.573050 0.310548 0.115656 0.121513
2 0.590128 0.267551 0.033558 0.026795
15 0.314772 0.398919 0.262833 0.402551
3 0.572215 0.747394 0.478093 0.147572
19 0.703066 0.213614 0.098533 0.169347
19 0.327132 0.603895 0.197752 0.267539