0 0.567287 0.377337 0.171921 0.141370
17 0.233261 0.471940 0.341284 0.599448
17 0.089849 0.775117 0.105290 0.111878
16 0.089849 0.775117 0.105290 0.111878
11 0.268174 0.601901 0.266174 0.300980
21 0.499342 0.456585 0.215577 0.686061
18 0.170568 0.632397 0.173396 0.317025
16 0.162804 0.802232 0.227744 0.034457
11 0.262850 0.599492 0.214248 0.290047
17 0.263020 0.327738 0.269949 0.265045
18 0.151538 0.615558 0.134730 0.342013
5 0.265447 0.605305 0.232716 0.304736
21 0.024277 0.617525 0.042906 0.181998