0 0.473930 0.320147 0.143000 0.143900
1 0.218959 0.325902 0.151093 0.076265
19 0.209659 0.336950 0.175547 0.094211
19 0.721751 0.329342 0.082539 0.034194
19 0.214727 0.198112 0.083521 0.076250
0 0.468380 0.322863 0.133293 0.130330
7 0.186622 0.330191 0.188713 0.272097
0 0.483692 0.313152 0.126974 0.119286
1 0.218678 0.345769 0.181723 0.102511
19 0.218678 0.345769 0.181723 0.102511
19 0.223921 0.241394 0.143282 0.154698
19 0.714340 0.328994 0.087370 0.031685
17 0.053846 0.675201 0.043101 0.038208
16 0.053846 0.675201 0.043101 0.038208