0 0.641638 0.285104 0.135764 0.114923
11 0.859207 0.405120 0.031516 0.068822
16 0.348306 0.371801 0.305561 0.487863
11 0.402041 0.254627 0.113793 0.178592
0 0.650693 0.297140 0.123843 0.137836
16 0.360743 0.345875 0.336987 0.457814
21 0.551266 0.318801 0.129791 0.425327
11 0.358921 0.405225 0.292441 0.552856
16 0.358921 0.405225 0.292441 0.552856
11 0.401539 0.263061 0.127851 0.183474
14 0.547762 0.205954 0.138138 0.302552
0 0.647691 0.290402 0.120508 0.131228
11 0.858427 0.412210 0.036035 0.119180
21 0.858427 0.412210 0.036035 0.119180