3 0.637113 0.547674 0.419576 0.102326
0 0.585271 0.265504 0.137600 0.093023
15 0.795464 0.407546 0.226823 0.219520
17 0.903342 0.620792 0.048811 0.060917
16 0.903342 0.620792 0.048811 0.060917
15 0.202547 0.453776 0.217971 0.316004
2 0.736918 0.370876 0.083064 0.070227
2 0.830447 0.436568 0.050712 0.047656
2 0.202498 0.369720 0.036659 0.046811
2 0.151740 0.474057 0.056398 0.051323
2 0.133159 0.597677 0.069148 0.036056
0 0.603303 0.300403 0.105868 0.144708
17 0.680727 0.116611 0.077869 0.017541
15 0.822177 0.401508 0.152157 0.132790
15 0.159467 0.467753 0.131555 0.279319