17 0.112520 0.726473 0.035226 0.051221
16 0.112520 0.726473 0.035226 0.051221
10 0.217589 0.328261 0.102032 0.142612
19 0.217589 0.328261 0.102032 0.142612
21 0.217589 0.328261 0.102032 0.142612
17 0.694955 0.116853 0.102035 0.043186
19 0.340270 0.130411 0.121467 0.026112
17 0.340270 0.130411 0.121467 0.026112
17 0.207704 0.191282 0.040991 0.035433
0 0.543120 0.324244 0.111752 0.078336
9 0.735772 0.329498 0.123843 0.191986
9 0.227544 0.425197 0.131082 0.259403
17 0.293768 0.159360 0.189941 0.086242
17 0.666400 0.120216 0.119972 0.028043
0 0.540136 0.340545 0.113051 0.112165
11 0.223070 0.336183 0.115310 0.149554
19 0.223070 0.336183 0.115310 0.149554
11 0.727516 0.283872 0.120787 0.162627
19 0.727516 0.283872 0.120787 0.162627