11 0.289494 0.300134 0.287742 0.242260
19 0.289494 0.300134 0.287742 0.242260
12 0.289494 0.300134 0.287742 0.242260
19 0.160767 0.493945 0.118126 0.110363
19 0.753198 0.391239 0.177240 0.200642
17 0.127636 0.756087 0.134209 0.094719
10 0.275413 0.334012 0.295629 0.366599
11 0.275413 0.334012 0.295629 0.366599
19 0.275413 0.334012 0.295629 0.366599
10 0.734899 0.396131 0.270417 0.323830
11 0.734899 0.396131 0.270417 0.323830
19 0.734899 0.396131 0.270417 0.323830
12 0.678108 0.333848 0.046674 0.032513
5 0.306921 0.279722 0.334048 0.328933
9 0.746528 0.435281 0.184394 0.222058
11 0.162613 0.494657 0.040085 0.070064