11 0.828496 0.430162 0.144561 0.081860
0 0.602332 0.311739 0.134565 0.125517
10 0.296892 0.358126 0.167209 0.157171
11 0.296892 0.358126 0.167209 0.157171
5 0.309921 0.611852 0.122042 0.086968
11 0.309921 0.611852 0.122042 0.086968
5 0.833127 0.434901 0.131567 0.106917
10 0.268443 0.345228 0.136830 0.120712
5 0.306332 0.604214 0.105893 0.076244
0 0.607585 0.308907 0.131743 0.115794
17 0.132358 0.842844 0.050508 0.052560
16 0.132358 0.842844 0.050508 0.052560
15 0.307921 0.603890 0.091961 0.077764
11 0.307921 0.603890 0.091961 0.077764
11 0.272482 0.317345 0.119447 0.066166
19 0.272482 0.317345 0.119447 0.066166
11 0.833313 0.429640 0.121724 0.078280
19 0.833313 0.429640 0.121724 0.078280
0 0.600107 0.313151 0.137646 0.124876