17 0.800244 0.321290 0.135390 0.180369
2 0.800244 0.321290 0.135390 0.180369
1 0.753321 0.391637 0.396154 0.537808
14 0.607895 0.238297 0.073296 0.191928
21 0.779608 0.744688 0.280776 0.436037
1 0.754030 0.405504 0.355394 0.510395
14 0.585976 0.176164 0.093671 0.204607
1 0.745198 0.413990 0.373767 0.582568
11 0.745198 0.413990 0.373767 0.582568
16 0.745198 0.413990 0.373767 0.582568
17 0.767678 0.312499 0.157376 0.175458
2 0.767678 0.312499 0.157376 0.175458
14 0.626462 0.259174 0.181260 0.396789