16 0.777061 0.573983 0.283693 0.598871
5 0.286523 0.391448 0.196654 0.276850
11 0.286523 0.391448 0.196654 0.276850
14 0.429823 0.552013 0.262365 0.571388
14 0.425645 0.507253 0.220677 0.547400
5 0.288959 0.376530 0.189691 0.226826
15 0.288959 0.376530 0.189691 0.226826
16 0.763592 0.539750 0.295649 0.568314
16 0.719873 0.524655 0.346013 0.553898
5 0.329308 0.397362 0.252277 0.347476
11 0.329308 0.397362 0.252277 0.347476
11 0.674742 0.443235 0.130766 0.125000
17 0.694415 0.166858 0.107622 0.065367