16 0.170746 0.526944 0.094935 0.109597
16 0.761387 0.575493 0.084119 0.099021
3 0.498212 0.506274 0.442230 0.156701
0 0.540271 0.295255 0.079310 0.074986
16 0.179548 0.536623 0.123650 0.072490
9 0.684750 0.384272 0.219058 0.327345
9 0.270197 0.365095 0.251296 0.303540
3 0.551789 0.503490 0.352074 0.137431
17 0.771447 0.574535 0.077704 0.080681
16 0.771447 0.574535 0.077704 0.080681
16 0.213127 0.545559 0.224943 0.141229
16 0.756977 0.555809 0.099657 0.138951
10 0.250854 0.434511 0.240603 0.190207
9 0.250854 0.434511 0.240603 0.190207
10 0.710712 0.404245 0.173307 0.181538
9 0.710712 0.404245 0.173307 0.181538
6 0.469391 0.384397 0.643509 0.465832
21 0.469391 0.384397 0.643509 0.465832