17 0.065642 0.818391 0.046792 0.056209
16 0.065642 0.818391 0.046792 0.056209
15 0.059960 0.756178 0.015375 0.013643
15 0.085696 0.630389 0.020054 0.016369
11 0.140175 0.682779 0.155752 0.087320
0 0.546276 0.272115 0.108944 0.092500
2 0.087085 0.628551 0.019883 0.018037
17 0.157546 0.724131 0.101199 0.088836
17 0.062592 0.825643 0.047033 0.072861
0 0.532174 0.272019 0.133262 0.100189
11 0.301917 0.126281 0.212312 0.058674
17 0.301917 0.126281 0.212312 0.058674
11 0.622693 0.120090 0.161541 0.047370
17 0.622693 0.120090 0.161541 0.047370
17 0.050537 0.814191 0.054110 0.061512
16 0.050537 0.814191 0.054110 0.061512
15 0.056859 0.754535 0.019217 0.017340
15 0.085216 0.628113 0.022586 0.018439
17 0.219345 0.701373 0.235390 0.050598