15 0.250418 0.351979 0.071173 0.056534
19 0.250418 0.351979 0.071173 0.056534
15 0.219219 0.456906 0.090673 0.067076
19 0.219219 0.456906 0.090673 0.067076
15 0.810541 0.389830 0.048750 0.065158
19 0.810541 0.389830 0.048750 0.065158
21 0.784130 0.720549 0.302546 0.118693
19 0.816406 0.386446 0.048176 0.062597
2 0.816406 0.386446 0.048176 0.062597
19 0.250142 0.345919 0.070222 0.060187
2 0.250142 0.345919 0.070222 0.060187
2 0.216136 0.466957 0.106629 0.042957
19 0.814187 0.388120 0.043989 0.061706
19 0.247899 0.347210 0.073583 0.055811
19 0.224104 0.465515 0.118773 0.039305