0 0.612752 0.319918 0.093819 0.081422
17 0.293176 0.579987 0.058951 0.058835
17 0.126304 0.648585 0.112643 0.236608
16 0.126304 0.648585 0.112643 0.236608
21 0.060706 0.551889 0.084814 0.296030
17 0.883720 0.778707 0.057936 0.075407
21 0.049949 0.554756 0.071182 0.277057
19 0.332870 0.489295 0.231014 0.224213
17 0.124130 0.609229 0.079628 0.180955
21 0.048916 0.552689 0.055214 0.270084
21 0.037423 0.906159 0.034832 0.170383
19 0.297740 0.562111 0.048443 0.054754
17 0.129650 0.640732 0.103653 0.121093
16 0.129650 0.640732 0.103653 0.121093