0 0.567659 0.197821 0.099772 0.129587
10 0.329701 0.394495 0.139907 0.259174
11 0.329701 0.394495 0.139907 0.259174
19 0.329701 0.394495 0.139907 0.259174
0 0.577236 0.195471 0.077370 0.115067
3 0.546154 0.497860 0.317074 0.186136
19 0.322867 0.405289 0.165549 0.271604
19 0.321720 0.307337 0.124640 0.073158
17 0.204612 0.609884 0.025403 0.030719
16 0.204612 0.609884 0.025403 0.030719
0 0.567614 0.209351 0.101146 0.136330
10 0.326688 0.420688 0.168897 0.151735
11 0.326688 0.420688 0.168897 0.151735
21 0.326688 0.420688 0.168897 0.151735