0 0.614614 0.340622 0.112873 0.108728
19 0.342148 0.283211 0.083333 0.191869
19 0.238388 0.620495 0.124601 0.019462
21 0.413722 0.441010 0.070316 0.129771
0 0.604301 0.352376 0.128368 0.116818
19 0.345956 0.278561 0.163671 0.195120
17 0.917860 0.801606 0.043004 0.048163
16 0.917860 0.801606 0.043004 0.048163
0 0.604644 0.348624 0.139045 0.112385
19 0.321106 0.233354 0.110475 0.131566
21 0.321106 0.233354 0.110475 0.131566
11 0.432836 0.363914 0.100431 0.348498
21 0.432836 0.363914 0.100431 0.348498