1 0.720957 0.333713 0.212982 0.378133
19 0.720957 0.333713 0.212982 0.378133
21 0.772210 0.599658 0.026198 0.067201
17 0.847381 0.698748 0.033031 0.051253
16 0.847381 0.698748 0.033031 0.051253
10 0.331435 0.394647 0.199317 0.310934
19 0.331435 0.394647 0.199317 0.310934
17 0.407176 0.131549 0.107061 0.017084
14 0.583713 0.213553 0.125283 0.249430
10 0.363640 0.429112 0.227433 0.442062
19 0.363640 0.429112 0.227433 0.442062
10 0.718078 0.323765 0.219554 0.357392
19 0.718078 0.323765 0.219554 0.357392
10 0.799303 0.624544 0.100423 0.129961
19 0.799303 0.624544 0.100423 0.129961
17 0.765343 0.590016 0.045459 0.129883
10 0.724523 0.343702 0.182764 0.288527
11 0.724523 0.343702 0.182764 0.288527
19 0.724523 0.343702 0.182764 0.288527
1 0.686950 0.179028 0.213379 0.079785
10 0.352965 0.339063 0.204103 0.268117
11 0.340123 0.595130 0.102756 0.111230