1 0.698099 0.190005 0.209514 0.152486
14 0.546873 0.197566 0.126020 0.185251
10 0.341434 0.328231 0.253287 0.242032
19 0.341434 0.328231 0.253287 0.242032
19 0.754785 0.310406 0.160647 0.174487
10 0.355113 0.286680 0.304879 0.234085
19 0.355113 0.286680 0.304879 0.234085
14 0.564184 0.220230 0.179340 0.225024
17 0.698218 0.204750 0.224648 0.168391
19 0.750132 0.273842 0.215204 0.184247
14 0.563073 0.209862 0.084575 0.211009
1 0.752294 0.264908 0.190655 0.204128
19 0.752294 0.264908 0.190655 0.204128
19 0.345185 0.268348 0.262330 0.231651