3 0.649206 0.500993 0.395955 0.104486
11 0.490245 0.300615 0.116099 0.249944
0 0.657016 0.236162 0.104970 0.109459
15 0.915499 0.542010 0.020920 0.016736
9 0.357844 0.455986 0.188297 0.143028
0 0.663012 0.236156 0.101675 0.097873
3 0.644963 0.484911 0.376150 0.113816
21 0.517886 0.305659 0.052847 0.266453
8 0.476714 0.342531 0.086034 0.175015
0 0.661682 0.227985 0.099553 0.091440
15 0.828830 0.498373 0.062678 0.048177
19 0.828830 0.498373 0.062678 0.048177
21 0.828830 0.498373 0.062678 0.048177
15 0.916706 0.541144 0.014748 0.017698