15 0.272365 0.420940 0.060766 0.025835
0 0.589887 0.337355 0.135991 0.093659
3 0.583601 0.616581 0.477106 0.143109
11 0.347152 0.275307 0.112073 0.131334
11 0.717801 0.304389 0.083719 0.112573
2 0.273457 0.421305 0.062823 0.029758
3 0.591368 0.595588 0.474739 0.119129
0 0.595742 0.347150 0.118027 0.126969
17 0.094879 0.662278 0.079646 0.100028
16 0.094879 0.662278 0.079646 0.100028
17 0.868362 0.629291 0.113339 0.157488
16 0.868362 0.629291 0.113339 0.157488
19 0.729749 0.290370 0.170014 0.122373
19 0.279443 0.285581 0.249659 0.170258
15 0.271784 0.420725 0.065861 0.027667
2 0.271784 0.420725 0.065861 0.027667
17 0.427246 0.179170 0.091897 0.042565
0 0.591133 0.336659 0.122529 0.106412