0 0.564351 0.280182 0.088838 0.070615
17 0.255125 0.600228 0.069476 0.075169
16 0.255125 0.600228 0.069476 0.075169
17 0.364464 0.170843 0.083142 0.052392
17 0.673120 0.185649 0.055811 0.050114
3 0.589977 0.523919 0.306380 0.082005
17 0.789863 0.491457 0.025059 0.087699
0 0.569411 0.289306 0.087624 0.091563
3 0.591071 0.511322 0.325885 0.116178
17 0.374622 0.173735 0.090697 0.059372
17 0.246663 0.613893 0.044030 0.099447
0 0.567394 0.306803 0.098844 0.125801
3 0.588574 0.530166 0.328626 0.102695