0 0.521842 0.343613 0.122209 0.067038
1 0.297888 0.461500 0.292314 0.520688
16 0.297888 0.461500 0.292314 0.520688
16 0.131655 0.655066 0.113477 0.164806
11 0.197476 0.563347 0.125471 0.239215
15 0.271707 0.343948 0.244907 0.254013
16 0.140639 0.682634 0.130453 0.151622
5 0.286497 0.599380 0.194445 0.249844
3 0.517667 0.349977 0.118225 0.080448
16 0.240552 0.670545 0.300250 0.268750
11 0.270342 0.345578 0.287656 0.274734
5 0.298516 0.475519 0.194578 0.196601
11 0.298516 0.475519 0.194578 0.196601