15 0.733737 0.631283 0.177049 0.196816
11 0.733737 0.631283 0.177049 0.196816
15 0.722611 0.455905 0.032253 0.024941
15 0.790334 0.421505 0.064497 0.081698
15 0.690135 0.318204 0.116250 0.082447
15 0.308964 0.458753 0.044075 0.035257
19 0.271735 0.392714 0.111305 0.088385
15 0.309907 0.289370 0.017721 0.019493
2 0.274433 0.391533 0.105609 0.087212
15 0.704735 0.312735 0.127752 0.092662
15 0.788544 0.417241 0.063850 0.076844
15 0.723583 0.456550 0.033867 0.026649
15 0.707203 0.640993 0.194258 0.176569
15 0.615484 0.762670 0.200977 0.155708
15 0.339142 0.321054 0.042790 0.032287
15 0.313127 0.287989 0.025771 0.020617
19 0.353858 0.665969 0.099157 0.127611
11 0.708218 0.311980 0.160838 0.114707
11 0.796745 0.421700 0.078550 0.100740
17 0.796745 0.421700 0.078550 0.100740
16 0.796745 0.421700 0.078550 0.100740
15 0.720063 0.454616 0.034909 0.020948
5 0.751858 0.649618 0.225677 0.239389
11 0.751858 0.649618 0.225677 0.239389
19 0.303626 0.407736 0.184529 0.168570
2 0.303626 0.407736 0.184529 0.168570