19 0.208287 0.426125 0.091446 0.117618
19 0.318273 0.257652 0.066454 0.089935
19 0.720128 0.261626 0.152530 0.130598
15 0.711638 0.382786 0.019883 0.019399
19 0.711638 0.382786 0.019883 0.019399
19 0.773889 0.427557 0.048264 0.030608
15 0.720111 0.430104 0.018893 0.011208
19 0.720111 0.430104 0.018893 0.011208
19 0.722541 0.314625 0.187921 0.245216
19 0.218911 0.423203 0.107742 0.121608
1 0.711534 0.312193 0.210907 0.218941
19 0.711534 0.312193 0.210907 0.218941
19 0.203098 0.402580 0.082856 0.082354
2 0.203098 0.402580 0.082856 0.082354