0 0.565344 0.263667 0.126519 0.162870
17 0.944902 0.725514 0.045879 0.056948
16 0.944902 0.725514 0.045879 0.056948
17 0.083599 0.751708 0.072297 0.075168
16 0.083599 0.751708 0.072297 0.075168
19 0.909448 0.579156 0.072295 0.012528
19 0.890527 0.584658 0.117861 0.035708
19 0.912339 0.579586 0.060811 0.017012
0 0.560813 0.239368 0.132007 0.089915
21 0.246367 0.682260 0.318895 0.159176
17 0.952388 0.735722 0.051914 0.057108
16 0.952388 0.735722 0.051914 0.057108
17 0.087660 0.769138 0.069712 0.046172
16 0.087660 0.769138 0.069712 0.046172