5 0.315215 0.386918 0.227022 0.174935
19 0.775857 0.191365 0.139910 0.126203
12 0.775857 0.191365 0.139910 0.126203
15 0.751439 0.445646 0.072594 0.149946
12 0.783716 0.186752 0.113070 0.118207
15 0.749379 0.227468 0.244176 0.182564
19 0.749379 0.227468 0.244176 0.182564
15 0.759291 0.398808 0.073527 0.055162
12 0.761371 0.458570 0.076305 0.060416
12 0.369646 0.403369 0.106372 0.128078
10 0.237454 0.402392 0.155946 0.159365
10 0.729856 0.209164 0.248360 0.183653
11 0.729856 0.209164 0.248360 0.183653
19 0.729856 0.209164 0.248360 0.183653
12 0.784842 0.182259 0.086494 0.097091
15 0.758658 0.438067 0.101015 0.117041
10 0.302898 0.395602 0.253177 0.143807
11 0.302898 0.395602 0.253177 0.143807
19 0.302898 0.395602 0.253177 0.143807
12 0.370410 0.397377 0.069389 0.051486