15 0.787381 0.387597 0.055246 0.042693
0 0.565060 0.394355 0.130988 0.110289
15 0.253630 0.411433 0.062375 0.046250
15 0.245165 0.340634 0.047227 0.032730
15 0.147147 0.464443 0.052573 0.025617
15 0.235808 0.623116 0.044553 0.028461
15 0.196156 0.856502 0.125641 0.093925
11 0.196156 0.856502 0.125641 0.093925
15 0.828983 0.620121 0.038235 0.031158
15 0.248951 0.347945 0.035121 0.028643
15 0.252977 0.413464 0.063586 0.037918
15 0.146330 0.462311 0.053927 0.035992
15 0.273904 0.592783 0.038634 0.029564
15 0.231245 0.622027 0.041854 0.032138
15 0.191929 0.860768 0.126457 0.094275
15 0.831754 0.619450 0.039508 0.029576
15 0.785952 0.387558 0.060804 0.045350
15 0.550402 0.537730 0.077658 0.055725
15 0.683140 0.315249 0.027435 0.025798
0 0.562363 0.415485 0.162604 0.157752
15 0.784104 0.387982 0.066331 0.047973
15 0.249621 0.413133 0.074310 0.040197
15 0.145934 0.461520 0.050150 0.038557
15 0.232611 0.616233 0.042367 0.029395
11 0.195560 0.858380 0.122239 0.097331
21 0.195560 0.858380 0.122239 0.097331
15 0.277106 0.593163 0.051946 0.027549
15 0.829902 0.619567 0.042019 0.039932
0 0.548038 0.416459 0.175785 0.159361