15 0.269093 0.413984 0.031330 0.027045
9 0.840684 0.591049 0.220056 0.239278
15 0.711862 0.342554 0.260208 0.229204
5 0.368956 0.268644 0.116955 0.122353
15 0.711037 0.331626 0.257682 0.247680
5 0.380881 0.286669 0.119227 0.079594
17 0.281418 0.262093 0.142005 0.120459
15 0.270567 0.412771 0.024614 0.024903
15 0.208431 0.605073 0.020926 0.019132
10 0.847734 0.559983 0.095061 0.203021
15 0.723077 0.331324 0.221328 0.245094
15 0.266891 0.409000 0.030605 0.031014
19 0.357883 0.267488 0.103675 0.117421
17 0.649106 0.246985 0.161918 0.121149