0 0.621699 0.326323 0.131734 0.141207
19 0.371320 0.296119 0.154416 0.188025
17 0.348202 0.182474 0.225082 0.101186
17 0.646385 0.194107 0.095684 0.072393
19 0.301100 0.654278 0.030881 0.148307
0 0.626061 0.322208 0.136442 0.141206
17 0.349466 0.181001 0.247674 0.082157
19 0.389509 0.248395 0.152757 0.124519
17 0.096600 0.826700 0.065256 0.082157
16 0.096600 0.826700 0.065256 0.082157
21 0.303491 0.716303 0.304032 0.174584
17 0.369486 0.181193 0.229178 0.083092
19 0.405318 0.270722 0.106140 0.149799
0 0.629427 0.330115 0.136561 0.157407
19 0.297438 0.654118 0.036140 0.129702
17 0.109380 0.799345 0.034465 0.077820