10 0.698179 0.340546 0.128701 0.250568
19 0.698179 0.340546 0.128701 0.250568
10 0.247722 0.461275 0.268793 0.571753
19 0.247722 0.461275 0.268793 0.571753
21 0.247722 0.461275 0.268793 0.571753
19 0.244578 0.321061 0.138972 0.085209
9 0.266837 0.489707 0.288474 0.527721
9 0.670010 0.458694 0.244167 0.589747
10 0.702917 0.348117 0.185905 0.368166
19 0.702917 0.348117 0.185905 0.368166
19 0.277642 0.267923 0.144592 0.176186
10 0.239368 0.595384 0.264884 0.298906
11 0.239368 0.595384 0.264884 0.298906
19 0.239368 0.595384 0.264884 0.298906
9 0.239368 0.595384 0.264884 0.298906