0 0.471798 0.341678 0.314390 0.153388
2 0.549007 0.345266 0.082295 0.069070
21 0.454904 0.491342 0.305340 0.513119
11 0.566234 0.172351 0.097710 0.059241
19 0.765880 0.510024 0.164413 0.109366
21 0.765880 0.510024 0.164413 0.109366
0 0.507867 0.332101 0.209790 0.140764
2 0.507867 0.332101 0.209790 0.140764
2 0.576923 0.417746 0.050698 0.064446
9 0.315559 0.286310 0.143357 0.184859
9 0.722029 0.457601 0.291959 0.476562
9 0.187063 0.541551 0.183566 0.122107
0 0.504281 0.343265 0.221489 0.151545
9 0.236532 0.466427 0.360594 0.610806
9 0.709322 0.459388 0.426463 0.527417
17 0.587937 0.184501 0.234268 0.124537