15 0.278788 0.343972 0.240963 0.234043
16 0.171474 0.558510 0.171176 0.199766
21 0.503291 0.264775 0.113237 0.274232
16 0.873174 0.747696 0.098419 0.152511
9 0.823386 0.426568 0.111890 0.108816
15 0.276565 0.344330 0.272471 0.246899
16 0.149867 0.589949 0.231249 0.199949
9 0.749010 0.295802 0.292968 0.340443
9 0.372336 0.194205 0.217807 0.255331
5 0.264169 0.322254 0.212490 0.245663
16 0.149070 0.544798 0.152928 0.234105
3 0.601416 0.632950 0.597225 0.312140
17 0.371218 0.132948 0.204441 0.063584