0 0.623195 0.363959 0.100578 0.126866
17 0.744682 0.213365 0.146914 0.087160
17 0.283598 0.251135 0.117531 0.091034
3 0.597203 0.658852 0.444132 0.125899
21 0.519104 0.356071 0.146463 0.338336
0 0.620990 0.374489 0.117806 0.159618
3 0.602682 0.656890 0.428243 0.129606
17 0.680875 0.191613 0.137301 0.020643
17 0.385391 0.211043 0.094510 0.011931
0 0.605463 0.368347 0.145605 0.135839
3 0.600915 0.663261 0.435796 0.122618
19 0.334147 0.602607 0.081767 0.029505
21 0.499864 0.428756 0.149629 0.488860