19 0.251698 0.445585 0.255931 0.095872
11 0.245604 0.302183 0.089373 0.078810
19 0.245604 0.302183 0.089373 0.078810
10 0.244166 0.314720 0.108254 0.076657
19 0.244166 0.314720 0.108254 0.076657
10 0.256601 0.450477 0.251618 0.105913
19 0.256601 0.450477 0.251618 0.105913
17 0.349122 0.189611 0.102636 0.015029
17 0.645573 0.184113 0.103550 0.018694
0 0.565391 0.346862 0.119132 0.093470
3 0.606286 0.606207 0.466160 0.102372
11 0.245864 0.310304 0.102023 0.074504
19 0.265575 0.449802 0.236464 0.106715