15 0.384569 0.445929 0.117861 0.094775
19 0.714460 0.342040 0.123939 0.108139
19 0.300729 0.352978 0.105710 0.076551
0 0.563791 0.294653 0.119079 0.100850
11 0.459902 0.270960 0.052246 0.106926
21 0.459902 0.270960 0.052246 0.106926
11 0.431348 0.348724 0.072904 0.092344
21 0.431348 0.348724 0.072904 0.092344
19 0.738268 0.347979 0.091471 0.088860
5 0.371266 0.446165 0.113522 0.093040
15 0.371266 0.446165 0.113522 0.093040
15 0.413690 0.370972 0.071976 0.070218
21 0.413690 0.370972 0.071976 0.070218
15 0.631229 0.377165 0.086976 0.098418
21 0.631229 0.377165 0.086976 0.098418
11 0.227626 0.586978 0.073243 0.167087
15 0.376562 0.443071 0.092578 0.091514
19 0.747938 0.346236 0.058525 0.080874
19 0.300104 0.241860 0.031685 0.043800
11 0.225370 0.632622 0.044071 0.083245
19 0.225370 0.632622 0.044071 0.083245
0 0.571296 0.294094 0.103216 0.121310
15 0.419660 0.369113 0.046820 0.079808
11 0.419660 0.369113 0.046820 0.079808
19 0.309523 0.384011 0.122372 0.137270