16 0.280161 0.446678 0.341804 0.457603
11 0.280162 0.405011 0.231431 0.295321
15 0.665582 0.338490 0.115717 0.124267
11 0.805332 0.396238 0.145976 0.242688
5 0.658859 0.342317 0.135092 0.119160
5 0.336763 0.314069 0.128838 0.107862
5 0.302990 0.459423 0.218900 0.156140
11 0.722654 0.357727 0.310213 0.384190
11 0.304866 0.363890 0.272686 0.402679
16 0.201045 0.431174 0.230158 0.358508
5 0.296959 0.383857 0.266683 0.345745
15 0.296959 0.383857 0.266683 0.345745
11 0.296959 0.383857 0.266683 0.345745
16 0.241456 0.485022 0.291049 0.367977
5 0.728117 0.419987 0.319479 0.311280
15 0.728117 0.419987 0.319479 0.311280
11 0.728117 0.419987 0.319479 0.311280