2 0.142340 0.105825 0.277056 0.113847
2 0.855827 0.146383 0.282614 0.196386
0 0.592209 0.313596 0.138991 0.099616
2 0.636685 0.301500 0.042625 0.048386
2 0.197473 0.257740 0.087101 0.098904
2 0.732115 0.543817 0.119561 0.097500
11 0.818345 0.627097 0.035972 0.036564
17 0.146023 0.817355 0.039798 0.046388
16 0.146023 0.817355 0.039798 0.046388
9 0.195463 0.736039 0.164733 0.150176
0 0.595684 0.321585 0.126706 0.107141
17 0.145214 0.817821 0.045280 0.045602
16 0.145214 0.817821 0.045280 0.045602
2 0.727910 0.542510 0.120994 0.094621
2 0.818468 0.624591 0.042308 0.034199
2 0.176761 0.088505 0.194479 0.078090
2 0.196060 0.263495 0.066806 0.089489
2 0.825520 0.074255 0.191513 0.060990
2 0.949480 0.150065 0.074230 0.111150
0 0.592151 0.311894 0.141024 0.097844
2 0.636616 0.299645 0.036557 0.046790
15 0.815810 0.625173 0.046186 0.034513
11 0.815810 0.625173 0.046186 0.034513
11 0.734371 0.541422 0.128238 0.101323
17 0.139540 0.811043 0.048925 0.070185
16 0.139540 0.811043 0.048925 0.070185
17 0.390360 0.119228 0.096781 0.023848
17 0.603783 0.119089 0.062835 0.012479
21 0.200139 0.254825 0.063232 0.115496
21 0.181722 0.089594 0.199519 0.084855
21 0.826937 0.074744 0.177421 0.049499
21 0.949412 0.149699 0.096997 0.106069