11 0.605432 0.388726 0.131932 0.201073
17 0.130733 0.831561 0.080194 0.081384
16 0.130733 0.831561 0.080194 0.081384
19 0.278835 0.284599 0.197900 0.210645
15 0.617207 0.387579 0.122925 0.171279
19 0.298958 0.299762 0.220315 0.178376
19 0.772558 0.293547 0.046022 0.042243
21 0.244430 0.337082 0.118094 0.118380
9 0.767413 0.416697 0.186734 0.146206
0 0.561879 0.370149 0.079672 0.116790
5 0.624336 0.378337 0.165187 0.213107
15 0.624336 0.378337 0.165187 0.213107
11 0.624336 0.378337 0.165187 0.213107
11 0.397710 0.636167 0.107254 0.238359
11 0.379447 0.265770 0.134068 0.187854