10 0.716413 0.226527 0.187166 0.191327
10 0.396667 0.213529 0.205364 0.152853
17 0.831296 0.586601 0.061923 0.035604
16 0.831296 0.586601 0.061923 0.035604
3 0.600048 0.498361 0.431528 0.122299
3 0.601940 0.492448 0.411537 0.189535
17 0.216832 0.627615 0.043419 0.064187
10 0.731144 0.225747 0.201254 0.189381
19 0.731144 0.225747 0.201254 0.189381
10 0.410440 0.203449 0.144788 0.093822
19 0.410440 0.203449 0.144788 0.093822
17 0.687161 0.124581 0.129332 0.027896
0 0.621074 0.246234 0.109449 0.120726
3 0.599275 0.532293 0.418117 0.108066
17 0.684551 0.128532 0.133398 0.023997
10 0.424744 0.202183 0.151988 0.130240
19 0.424744 0.202183 0.151988 0.130240
19 0.718574 0.240135 0.134701 0.165853