11 0.836628 0.613335 0.120686 0.111767
19 0.721046 0.320600 0.204089 0.166322
19 0.342910 0.312971 0.136378 0.132753
10 0.734959 0.291339 0.189692 0.135371
19 0.734959 0.291339 0.189692 0.135371
10 0.845944 0.622010 0.078529 0.121681
10 0.352586 0.312331 0.107160 0.148358
19 0.352586 0.312331 0.107160 0.148358
3 0.579481 0.602472 0.404928 0.115799
19 0.728759 0.298214 0.196545 0.218385
5 0.737491 0.251916 0.052413 0.062894
11 0.737491 0.251916 0.052413 0.062894
19 0.338396 0.310879 0.134306 0.145880
11 0.854874 0.615745 0.068793 0.063767
19 0.854874 0.615745 0.068793 0.063767