3 0.652388 0.631397 0.516463 0.192341
15 0.205036 0.379311 0.031533 0.039174
11 0.198392 0.540579 0.071397 0.063466
19 0.839172 0.270161 0.096787 0.120930
21 0.839172 0.270161 0.096787 0.120930
11 0.887555 0.443768 0.099857 0.095627
0 0.604300 0.293709 0.116169 0.116661
3 0.656127 0.597589 0.514435 0.156707
2 0.191485 0.535798 0.070560 0.055404
2 0.193126 0.385785 0.065638 0.061876
2 0.316607 0.334341 0.058254 0.059718
2 0.871565 0.360427 0.136201 0.302184
0 0.601382 0.288273 0.119484 0.116240
15 0.621856 0.266394 0.047593 0.042695
15 0.626905 0.301944 0.019567 0.017998
15 0.641702 0.225558 0.030071 0.030136
15 0.659361 0.261763 0.018613 0.012975
15 0.201991 0.377631 0.049596 0.034889
15 0.326253 0.333423 0.059406 0.053528
15 0.192563 0.538837 0.076301 0.074558
3 0.660563 0.613233 0.517032 0.158899
17 0.871436 0.355673 0.152873 0.313615