19 0.757720 0.206668 0.252360 0.205610
17 0.318295 0.106575 0.135046 0.029525
19 0.288320 0.251344 0.259227 0.061457
19 0.338627 0.186611 0.108061 0.113218
17 0.898462 0.791643 0.041765 0.094671
17 0.123103 0.899707 0.041240 0.054481
19 0.741945 0.240713 0.298660 0.264381
17 0.688063 0.094653 0.131365 0.052009
19 0.280315 0.192168 0.288950 0.168954
17 0.310878 0.102528 0.105578 0.064766
17 0.304860 0.125819 0.165267 0.081632
17 0.660113 0.103075 0.194045 0.066053
19 0.280826 0.244063 0.262562 0.086505
19 0.770540 0.292926 0.241010 0.104780
17 0.117236 0.894732 0.032307 0.056752
16 0.117236 0.894732 0.032307 0.056752