17 0.114088 0.622650 0.048316 0.076386
16 0.114088 0.622650 0.048316 0.076386
15 0.262057 0.450777 0.247622 0.303539
15 0.824338 0.427661 0.200516 0.213080
15 0.289797 0.596085 0.039298 0.031324
17 0.095995 0.684738 0.068917 0.083093
16 0.095995 0.684738 0.068917 0.083093
15 0.194289 0.554287 0.033947 0.032469
15 0.210020 0.621032 0.036013 0.024904
5 0.164243 0.631955 0.134838 0.094694
11 0.164243 0.631955 0.134838 0.094694
15 0.272621 0.522480 0.037315 0.028299
15 0.229401 0.525819 0.037788 0.034978
15 0.340678 0.610715 0.030197 0.023404
15 0.263736 0.574056 0.031025 0.028568
15 0.234573 0.460983 0.024820 0.020651
15 0.339230 0.456852 0.022338 0.018586
15 0.171234 0.473867 0.048907 0.052753
15 0.311747 0.478880 0.020305 0.017951
15 0.234702 0.384253 0.022200 0.016506
15 0.399551 0.402332 0.023145 0.021225
15 0.202317 0.364566 0.022871 0.024349
15 0.807428 0.489335 0.035256 0.029336
15 0.888062 0.482273 0.037214 0.030423
15 0.826070 0.381591 0.029818 0.021164
15 0.666272 0.635389 0.053175 0.033303
15 0.743175 0.654657 0.036595 0.030926
16 0.129460 0.643116 0.102592 0.121522
11 0.166273 0.629056 0.132767 0.071309
15 0.269963 0.439919 0.236981 0.297328
11 0.269963 0.439919 0.236981 0.297328
9 0.269963 0.439919 0.236981 0.297328
11 0.819831 0.472654 0.181436 0.261123
9 0.819831 0.472654 0.181436 0.261123
0 0.536565 0.353647 0.201803 0.127866