21 0.615004 0.473374 0.057609 0.082157
19 0.212771 0.472963 0.089947 0.041901
17 0.127041 0.765066 0.042209 0.072490
2 0.127041 0.765066 0.042209 0.072490
17 0.110098 0.839249 0.072528 0.057510
15 0.861635 0.550069 0.012484 0.014499
0 0.564224 0.356591 0.109631 0.083490
19 0.222632 0.476932 0.093784 0.028890
2 0.137770 0.761105 0.029176 0.082474
17 0.112682 0.842760 0.067362 0.066561
16 0.112682 0.842760 0.067362 0.066561
19 0.843742 0.554144 0.062135 0.026436
19 0.209392 0.475917 0.108625 0.038989
17 0.209392 0.475917 0.108625 0.038989
17 0.168405 0.747638 0.132001 0.107306
17 0.139192 0.817123 0.142820 0.072124
16 0.139192 0.817123 0.142820 0.072124
17 0.739143 0.190006 0.061673 0.045736
15 0.834358 0.552820 0.046528 0.029025
21 0.834358 0.552820 0.046528 0.029025
15 0.243602 0.591518 0.027049 0.021989