17 0.260927 0.743325 0.027262 0.021809
17 0.174076 0.793488 0.032715 0.021184
17 0.287305 0.203694 0.145970 0.061946
11 0.185198 0.446524 0.029871 0.021507
15 0.697865 0.583299 0.052187 0.027417
17 0.112059 0.837158 0.050970 0.075510
17 0.247036 0.216388 0.133811 0.063074
17 0.117027 0.838269 0.049829 0.056948
16 0.117027 0.838269 0.049829 0.056948
19 0.238485 0.375958 0.203098 0.153743
21 0.238485 0.375958 0.203098 0.153743
11 0.603754 0.229185 0.057379 0.026010
19 0.603754 0.229185 0.057379 0.026010
17 0.756853 0.899910 0.047144 0.061125
16 0.756853 0.899910 0.047144 0.061125