19 0.240438 0.367073 0.165390 0.080181
19 0.250027 0.427733 0.132155 0.050324
19 0.853665 0.662066 0.123853 0.042095
0 0.546288 0.280155 0.131263 0.134888
19 0.239910 0.394713 0.169058 0.131991
19 0.856401 0.664055 0.137264 0.047394
17 0.326134 0.101372 0.134415 0.042536
17 0.633151 0.078814 0.091310 0.021829
0 0.540330 0.268276 0.131981 0.125147
19 0.234569 0.648452 0.040222 0.099411
19 0.271750 0.482166 0.264076 0.379245
9 0.271750 0.482166 0.264076 0.379245
19 0.854980 0.659821 0.124851 0.043948