0 0.634173 0.382454 0.102064 0.090599
15 0.809061 0.312501 0.066514 0.090598
11 0.809061 0.312501 0.066514 0.090598
17 0.867546 0.663418 0.068809 0.099772
16 0.867546 0.663418 0.068809 0.099772
0 0.640389 0.387900 0.087087 0.102604
3 0.639985 0.608841 0.333760 0.126022
15 0.809764 0.311223 0.069242 0.086486
19 0.850063 0.653244 0.069886 0.031273
19 0.443275 0.546675 0.018991 0.079268
0 0.634450 0.395522 0.102650 0.124775
17 0.675781 0.188177 0.074844 0.014463
17 0.459567 0.190527 0.066888 0.011932
11 0.810218 0.313633 0.075996 0.088659