1 0.358513 0.367436 0.182115 0.214872
16 0.256318 0.740057 0.239767 0.150934
10 0.262214 0.567111 0.243697 0.192861
11 0.262214 0.567111 0.243697 0.192861
5 0.218696 0.554319 0.120713 0.095708
1 0.335501 0.377328 0.185165 0.193101
5 0.335501 0.377328 0.185165 0.193101
3 0.530698 0.671339 0.421207 0.151920
16 0.186918 0.764462 0.108372 0.119687
11 0.289962 0.625330 0.279852 0.247597
10 0.250911 0.526733 0.195929 0.358444
11 0.250911 0.526733 0.195929 0.358444
5 0.339004 0.356622 0.177704 0.212637
11 0.339004 0.356622 0.177704 0.212637