15 0.297199 0.263124 0.017028 0.014177
15 0.254629 0.258472 0.008220 0.010190
15 0.201490 0.225023 0.017028 0.010633
15 0.212940 0.211067 0.010569 0.009304
17 0.243514 0.165584 0.046280 0.046559
19 0.147488 0.626684 0.047721 0.026779
19 0.214144 0.509880 0.046331 0.038915
17 0.203219 0.165250 0.117637 0.094846
19 0.255987 0.215209 0.120998 0.111583
0 0.545309 0.305056 0.126101 0.096654
19 0.142144 0.629721 0.069240 0.037033
0 0.548428 0.291833 0.133274 0.089144
3 0.531095 0.703138 0.442408 0.134655
15 0.293919 0.264262 0.026130 0.021176
15 0.253757 0.257508 0.015484 0.012048
15 0.206578 0.220085 0.028549 0.021906
11 0.149060 0.636699 0.065688 0.047043