3 0.562529 0.596930 0.382033 0.136795
0 0.620125 0.363702 0.111673 0.123342
20 0.351022 0.358521 0.044811 0.051988
20 0.359500 0.424660 0.031489 0.039856
20 0.334672 0.481270 0.054500 0.053719
15 0.307324 0.539938 0.061518 0.064246
21 0.254253 0.641141 0.132069 0.076512
0 0.620221 0.373252 0.122932 0.128473
3 0.561413 0.586640 0.393243 0.158511
20 0.338099 0.482445 0.074126 0.036698
20 0.357076 0.422363 0.055714 0.041222
20 0.341946 0.360045 0.052108 0.048691
20 0.290103 0.332611 0.033144 0.045464
17 0.632565 0.230308 0.085474 0.036418
17 0.414889 0.219980 0.085474 0.038593
0 0.602372 0.369311 0.139243 0.127237
11 0.419016 0.478108 0.125361 0.290805
11 0.276306 0.551126 0.124556 0.097137