3 0.434477 0.760052 0.461321 0.233465
17 0.104827 0.897559 0.066960 0.111585
16 0.104827 0.897559 0.066960 0.111585
3 0.436392 0.722253 0.462610 0.254434
16 0.110034 0.901504 0.081835 0.078822
19 0.172085 0.596060 0.141188 0.111667
11 0.548765 0.266904 0.233452 0.217287
17 0.548765 0.266904 0.233452 0.217287
17 0.269131 0.189707 0.072312 0.058406
0 0.452922 0.376542 0.114386 0.169497
3 0.436166 0.748265 0.469222 0.230444
17 0.096009 0.897101 0.028315 0.083397
16 0.096009 0.897101 0.028315 0.083397
19 0.174864 0.574581 0.145093 0.173347
19 0.138090 0.811103 0.035113 0.073220
17 0.736734 0.960075 0.017225 0.051318
16 0.736734 0.960075 0.017225 0.051318