0 0.620828 0.287800 0.175082 0.146766
21 0.174442 0.564144 0.170741 0.276341
16 0.840595 0.646757 0.201174 0.194586
15 0.104534 0.737774 0.031846 0.024253
11 0.298558 0.630818 0.099993 0.075697
21 0.484820 0.427082 0.040390 0.033391
21 0.661759 0.606784 0.046159 0.039544
21 0.647818 0.447293 0.054813 0.063268
1 0.831002 0.623408 0.120964 0.057805
21 0.136260 0.668109 0.265454 0.436011
11 0.342073 0.644314 0.203293 0.237962
21 0.642706 0.522933 0.083962 0.212739
3 0.629353 0.652002 0.526979 0.331904
21 0.723291 0.489639 0.314901 0.976675
16 0.844751 0.611996 0.235631 0.250000