19 0.261389 0.214123 0.104784 0.164009
21 0.261389 0.214123 0.104784 0.164009
20 0.736903 0.392370 0.035309 0.055807
20 0.715832 0.436219 0.036449 0.052393
20 0.737977 0.398687 0.044834 0.048285
20 0.716421 0.440506 0.044834 0.056045
17 0.303184 0.085005 0.060357 0.059342
17 0.633407 0.081757 0.088311 0.065040
0 0.505853 0.229699 0.088346 0.093634
0 0.500614 0.219377 0.089072 0.088706
19 0.321917 0.175390 0.047651 0.089439
20 0.739450 0.398740 0.024694 0.033483
20 0.717267 0.440596 0.026370 0.039342