17 0.118431 0.722666 0.056478 0.078587
16 0.118431 0.722666 0.056478 0.078587
21 0.488291 0.545558 0.099181 0.403187
5 0.234831 0.490888 0.250706 0.435079
10 0.234831 0.490888 0.250706 0.435079
19 0.234831 0.490888 0.250706 0.435079
21 0.849888 0.546698 0.037193 0.066058
20 0.849888 0.546698 0.037193 0.066058
16 0.143696 0.725212 0.132510 0.083997
17 0.702669 0.169923 0.173213 0.056571
20 0.848866 0.549136 0.047890 0.064027
20 0.876632 0.491849 0.042287 0.050547
2 0.302645 0.194885 0.040139 0.023568
10 0.250423 0.495942 0.280048 0.403344
19 0.250423 0.495942 0.280048 0.403344
17 0.404601 0.149129 0.107759 0.032528
17 0.683602 0.166141 0.131189 0.022055
2 0.683602 0.166141 0.131189 0.022055
0 0.577411 0.370682 0.135295 0.125388
17 0.115031 0.724009 0.061702 0.132152
16 0.115031 0.724009 0.061702 0.132152
12 0.227110 0.295100 0.096926 0.160281
10 0.235834 0.516289 0.269456 0.381471