16 0.775259 0.593432 0.206885 0.254940
11 0.341344 0.473533 0.129988 0.190602
11 0.767411 0.536036 0.154566 0.060976
16 0.775562 0.585164 0.246017 0.189031
10 0.765893 0.429604 0.185857 0.224476
10 0.284062 0.423697 0.253539 0.401697
0 0.608669 0.395670 0.125135 0.143994
17 0.092395 0.679542 0.028298 0.045882
16 0.092395 0.679542 0.028298 0.045882
16 0.778085 0.538902 0.235091 0.239388
10 0.768290 0.506982 0.163260 0.099746
11 0.768290 0.506982 0.163260 0.099746
10 0.754141 0.358361 0.165438 0.193505
19 0.754141 0.358361 0.165438 0.193505
21 0.754141 0.358361 0.165438 0.193505
10 0.248036 0.447135 0.195911 0.355095
21 0.248036 0.447135 0.195911 0.355095
21 0.331298 0.474564 0.094690 0.156601
8 0.331298 0.474564 0.094690 0.156601
0 0.521224 0.373822 0.250332 0.110718
17 0.742713 0.162361 0.088162 0.058850