3 0.475364 0.468804 0.399480 0.065726
0 0.521578 0.264646 0.109883 0.115840
17 0.750651 0.469957 0.087240 0.077705
16 0.750651 0.469957 0.087240 0.077705
19 0.747198 0.461030 0.053746 0.020753
19 0.275673 0.177520 0.096050 0.056059
11 0.341161 0.273845 0.109883 0.164310
19 0.293828 0.194375 0.097635 0.079630
0 0.530942 0.257774 0.088759 0.096875
3 0.472628 0.464134 0.407765 0.081552
21 0.329155 0.322549 0.094390 0.166882
19 0.282810 0.207399 0.081614 0.101201
1 0.326677 0.319211 0.106098 0.238314
5 0.326677 0.319211 0.106098 0.238314
19 0.739846 0.457547 0.069371 0.030198
17 0.763822 0.470196 0.072435 0.096302
16 0.763822 0.470196 0.072435 0.096302
0 0.512858 0.255144 0.117322 0.088959