15 0.228107 0.517024 0.223391 0.600147
15 0.787689 0.571840 0.198377 0.584193
19 0.675496 0.367854 0.063891 0.080796
15 0.591271 0.337997 0.123337 0.231368
15 0.225466 0.423536 0.015274 0.013900
15 0.158326 0.671614 0.021638 0.023629
15 0.203052 0.535611 0.029067 0.021161
15 0.143464 0.732018 0.024707 0.019842
15 0.249559 0.697960 0.021801 0.024468
15 0.194695 0.772027 0.026887 0.024468
15 0.167444 0.592152 0.020347 0.017854
15 0.761144 0.583225 0.024706 0.027775
15 0.834903 0.709533 0.018170 0.021164
15 0.744068 0.504530 0.019619 0.026453
15 0.815282 0.568345 0.018166 0.017857
19 0.656111 0.392891 0.086530 0.095769
17 0.846702 0.826150 0.042094 0.053207
16 0.846702 0.826150 0.042094 0.053207
17 0.130496 0.818702 0.052619 0.072359
16 0.130496 0.818702 0.052619 0.072359
15 0.154467 0.667599 0.021048 0.025538
15 0.145113 0.739426 0.030402 0.024474
15 0.760758 0.583002 0.024556 0.030860
15 0.834424 0.708565 0.019876 0.020219
15 0.761697 0.289186 0.033380 0.021871
15 0.747011 0.504252 0.014689 0.017009
15 0.818445 0.584447 0.026703 0.021872
15 0.214936 0.665857 0.197609 0.206559
21 0.214936 0.665857 0.197609 0.206559
15 0.795745 0.539489 0.130848 0.396109
21 0.795745 0.539489 0.130848 0.396109