15 0.266954 0.434054 0.311584 0.445775
15 0.742467 0.461031 0.267400 0.462581
15 0.249615 0.381617 0.031902 0.025426
15 0.318198 0.392762 0.026019 0.019465
15 0.268545 0.303194 0.018647 0.012536
15 0.316320 0.336871 0.021846 0.017505
15 0.347570 0.424963 0.022617 0.018722
15 0.197774 0.501513 0.032594 0.022012
15 0.734131 0.315271 0.031900 0.027446
15 0.726688 0.388030 0.031221 0.025401
15 0.725413 0.546716 0.028482 0.020514
15 0.688405 0.490359 0.019129 0.015717
0 0.572258 0.376865 0.113303 0.096750
19 0.704638 0.272638 0.091334 0.101149
21 0.704638 0.272638 0.091334 0.101149