0 0.558413 0.350843 0.145633 0.118028
17 0.312811 0.165801 0.155605 0.072705
17 0.691497 0.123549 0.118246 0.038016
11 0.820728 0.764340 0.128876 0.157177
19 0.113286 0.601258 0.034401 0.128047
19 0.326302 0.190177 0.111835 0.094138
19 0.236984 0.621332 0.305987 0.163341
10 0.839917 0.744638 0.108856 0.154089
0 0.576991 0.368793 0.118679 0.127855
7 0.237854 0.344397 0.262145 0.301231
17 0.063091 0.835643 0.033230 0.040895
16 0.063091 0.835643 0.033230 0.040895
17 0.871064 0.808711 0.041845 0.048877
16 0.871064 0.808711 0.041845 0.048877
19 0.162780 0.642637 0.193225 0.221434
19 0.834143 0.728915 0.103377 0.142635
21 0.834143 0.728915 0.103377 0.142635
17 0.335082 0.144407 0.188301 0.038901
19 0.301237 0.628670 0.172302 0.071818