14 0.411074 0.373490 0.101774 0.171717
1 0.350738 0.566451 0.136283 0.484122
19 0.616877 0.439401 0.091418 0.062522
19 0.667826 0.377048 0.019203 0.021128
15 0.611563 0.565796 0.044873 0.050439
19 0.611563 0.565796 0.044873 0.050439
19 0.736762 0.622251 0.014565 0.007530
15 0.201825 0.753849 0.020269 0.013590
2 0.201825 0.753849 0.020269 0.013590
15 0.260421 0.735097 0.008273 0.006458
15 0.233918 0.636507 0.025668 0.018028
15 0.261074 0.599686 0.020461 0.027504
19 0.613071 0.429397 0.117663 0.114778
1 0.303664 0.447694 0.171036 0.243964
14 0.395974 0.461642 0.135842 0.287074
0 0.474004 0.442889 0.136187 0.131536
14 0.403291 0.399862 0.089045 0.197918
11 0.318315 0.439758 0.180491 0.234814
17 0.318315 0.439758 0.180491 0.234814
1 0.332938 0.353642 0.144049 0.073541
11 0.332938 0.353642 0.144049 0.073541
19 0.593399 0.442448 0.136707 0.064405
11 0.270925 0.618421 0.094992 0.106514
19 0.270925 0.618421 0.094992 0.106514