21 0.614740 0.303262 0.105896 0.109796
21 0.053342 0.660412 0.096394 0.370103
3 0.576724 0.640672 0.420878 0.199854
21 0.544140 0.120062 0.839040 0.074021
11 0.281431 0.459323 0.359782 0.528013
21 0.736945 0.085603 0.196977 0.119325
21 0.309445 0.086252 0.241227 0.141375
21 0.218806 0.521400 0.416794 0.679635
11 0.297491 0.431279 0.312512 0.488429
0 0.601879 0.315987 0.131253 0.139713
3 0.578128 0.635170 0.421267 0.164702
21 1.139964 0.927472 0.005652 0.003852
21 0.287385 0.093068 0.213321 0.121951
21 0.042985 0.619385 0.074874 0.540437
21 0.206155 0.512196 0.353182 0.290116
0 0.604541 0.331193 0.132797 0.174582
3 0.574168 0.617459 0.436530 0.187419
21 0.755703 0.104621 0.158223 0.091143
11 0.291623 0.439025 0.286782 0.446728