3 0.541305 0.766164 0.474010 0.281321
0 0.582468 0.498298 0.227025 0.286213
3 0.566498 0.761381 0.424208 0.269812
21 0.675990 0.499438 0.138728 0.251827
0 0.566228 0.439213 0.115515 0.144981
1 0.675342 0.500000 0.158615 0.334142
5 0.675342 0.500000 0.158615 0.334142
19 0.675342 0.500000 0.158615 0.334142
11 0.320185 0.645139 0.120688 0.172204
21 0.320185 0.645139 0.120688 0.172204
17 0.117661 0.766830 0.065113 0.081938
16 0.117661 0.766830 0.065113 0.081938
0 0.563097 0.409926 0.133006 0.123481
3 0.562389 0.773435 0.468347 0.265000