3 0.648892 0.702527 0.539203 0.194443
17 0.953089 0.855650 0.028453 0.051423
17 0.108180 0.846978 0.037921 0.033932
15 0.238684 0.603634 0.040895 0.041972
3 0.649845 0.693197 0.538804 0.241337
17 0.116217 0.852393 0.095364 0.072855
16 0.116217 0.852393 0.095364 0.072855
15 0.243669 0.606240 0.053234 0.045664
17 0.114483 0.840827 0.087515 0.080194
16 0.114483 0.840827 0.087515 0.080194
17 0.942856 0.830499 0.066388 0.081411
16 0.942856 0.830499 0.066388 0.081411
3 0.645587 0.701871 0.540998 0.199790
21 0.710195 0.428547 0.132664 0.133194