0 0.609701 0.331616 0.094729 0.105073
1 0.375774 0.216963 0.218425 0.083223
17 0.375774 0.216963 0.218425 0.083223
19 0.386054 0.295916 0.095600 0.123517
21 0.842625 0.575246 0.027224 0.045024
9 0.265044 0.652016 0.158270 0.213048
0 0.607475 0.365608 0.124972 0.167372
17 0.367037 0.216962 0.197429 0.073404
19 0.384498 0.298964 0.146395 0.143504
19 0.316790 0.709853 0.011070 0.071201
21 0.840401 0.575320 0.029768 0.042640
0 0.602995 0.351014 0.123763 0.146789
1 0.358671 0.219330 0.180213 0.067276
14 0.506493 0.228029 0.075383 0.147310
19 0.392829 0.309803 0.088340 0.106712
9 0.247536 0.656690 0.109541 0.187907
21 0.840543 0.572400 0.029750 0.043747