15 0.264890 0.433476 0.380075 0.723735
15 0.770684 0.474331 0.280670 0.561607
15 0.266768 0.140427 0.025556 0.019095
15 0.407692 0.207767 0.020176 0.022675
15 0.267898 0.225364 0.022180 0.021967
15 0.346429 0.250764 0.034816 0.031120
15 0.284375 0.338252 0.018521 0.015432
15 0.252867 0.344364 0.028233 0.022043
15 0.190981 0.361296 0.020554 0.014228
15 0.193045 0.467984 0.034161 0.026127
15 0.192456 0.530823 0.049474 0.038410
15 0.269666 0.491204 0.019198 0.017837
15 0.265264 0.561316 0.036586 0.042099
15 0.175380 0.642083 0.016511 0.013284
15 0.136792 0.652644 0.037628 0.028958
15 0.294794 0.639868 0.041852 0.034749
15 0.847690 0.686641 0.020732 0.020438
15 0.872137 0.685486 0.029448 0.021688
15 0.758400 0.696843 0.028629 0.024942
15 0.899991 0.654421 0.026309 0.023517
15 0.720178 0.347701 0.019085 0.016933
15 0.746174 0.386824 0.032099 0.031615
15 0.844090 0.376504 0.017669 0.013064
15 0.838615 0.355610 0.019054 0.013989
15 0.654898 0.272230 0.033961 0.023868
15 0.727025 0.263578 0.034299 0.034609
15 0.774898 0.182770 0.012137 0.010903
15 0.724182 0.260393 0.037017 0.041487
15 0.780195 0.292805 0.199700 0.234230
21 0.780195 0.292805 0.199700 0.234230
15 0.830209 0.625631 0.139044 0.250680
21 0.830209 0.625631 0.139044 0.250680
15 0.306087 0.249704 0.128613 0.245543
21 0.306087 0.249704 0.128613 0.245543
15 0.234891 0.547718 0.163061 0.236373
21 0.234891 0.547718 0.163061 0.236373
15 0.263025 0.561472 0.028708 0.035659
17 0.087176 0.786095 0.039337 0.031412
16 0.087176 0.786095 0.039337 0.031412