0 0.471654 0.245517 0.107117 0.096406
19 0.631150 0.322390 0.169340 0.040957
1 0.268445 0.221258 0.119720 0.202894
19 0.268445 0.221258 0.119720 0.202894
1 0.215674 0.339088 0.192182 0.090734
19 0.215674 0.339088 0.192182 0.090734
17 0.030281 0.652233 0.031738 0.058132
19 0.194429 0.335094 0.228943 0.076069
19 0.266111 0.221574 0.108985 0.183739
19 0.623995 0.329557 0.164536 0.047441
19 0.647329 0.317132 0.123025 0.019441
1 0.209143 0.231470 0.249089 0.258809
19 0.209143 0.231470 0.249089 0.258809
21 0.368621 0.440462 0.124544 0.331714
17 0.029921 0.636694 0.036452 0.089917
16 0.029921 0.636694 0.036452 0.089917