11 0.662614 0.270271 0.159375 0.262380
17 0.296854 0.188847 0.094607 0.102998
10 0.366989 0.303744 0.146562 0.304798
11 0.366989 0.303744 0.146562 0.304798
11 0.650778 0.278132 0.136230 0.239393
19 0.650778 0.278132 0.136230 0.239393
11 0.375013 0.270197 0.166647 0.239392
19 0.375013 0.270197 0.166647 0.239392
9 0.291913 0.497153 0.116409 0.158688
19 0.346891 0.257618 0.157598 0.233403
10 0.302005 0.441649 0.153607 0.370055
9 0.302005 0.441649 0.153607 0.370055
19 0.647622 0.296519 0.140641 0.283277