17 0.384241 0.087202 0.147748 0.062661
17 0.209483 0.693594 0.039280 0.066778
16 0.209483 0.693594 0.039280 0.066778
17 0.815861 0.790320 0.030444 0.046154
16 0.329387 0.696346 0.261752 0.113752
17 0.669852 0.094768 0.163491 0.060795
17 0.396685 0.098054 0.177457 0.069011
17 0.401293 0.091345 0.170621 0.056874
17 0.669005 0.092564 0.163311 0.056061
0 0.592010 0.233847 0.094957 0.106963
2 0.615203 0.222387 0.037653 0.064396
19 0.643068 0.360624 0.029152 0.044449
17 0.204841 0.677004 0.028924 0.074217
16 0.204841 0.677004 0.028924 0.074217
21 0.334180 0.663634 0.247216 0.058393
17 0.820040 0.792809 0.025104 0.047479
16 0.820040 0.792809 0.025104 0.047479
19 0.724581 0.638998 0.149590 0.173008
19 0.805462 0.280347 0.022472 0.008346
3 0.608300 0.647064 0.331576 0.158901