0 0.586669 0.294996 0.095379 0.066798
21 0.939685 0.436939 0.117477 0.434181
5 0.742468 0.599624 0.179283 0.096686
15 0.742468 0.599624 0.179283 0.096686
11 0.742468 0.599624 0.179283 0.096686
10 0.816319 0.737745 0.216971 0.153557
11 0.816319 0.737745 0.216971 0.153557
21 0.256814 0.064592 0.179312 0.125231
21 0.796087 0.072775 0.285469 0.147289
5 0.725160 0.572975 0.193803 0.147027
15 0.725160 0.572975 0.193803 0.147027
11 0.825843 0.708346 0.189178 0.150889
21 0.261763 0.065026 0.094673 0.083063
21 0.768283 0.066664 0.195034 0.115192
21 0.932239 0.430694 0.092579 0.437139
11 0.723123 0.564253 0.199655 0.155183
10 0.764377 0.633314 0.312725 0.345305
19 0.774565 0.576034 0.157890 0.103997
21 0.772660 0.073791 0.314050 0.142872
21 0.902693 0.378177 0.158052 0.536029
21 0.306351 0.060904 0.224459 0.115468