17 0.148938 0.623080 0.060697 0.043042
16 0.148938 0.623080 0.060697 0.043042
17 0.317727 0.171980 0.113704 0.039797
19 0.326965 0.247025 0.122231 0.084141
19 0.802652 0.392278 0.081623 0.024819
19 0.789286 0.323923 0.073989 0.040859
19 0.352688 0.222464 0.121977 0.117269
19 0.819553 0.401898 0.077569 0.019260
19 0.789985 0.331601 0.074527 0.029811
17 0.294776 0.174519 0.131607 0.055211
19 0.309710 0.241302 0.178479 0.150750
19 0.810295 0.396342 0.072005 0.011031
19 0.802632 0.322192 0.067409 0.014707
21 0.240817 0.650687 0.288638 0.104590