21 0.041161 0.697150 0.091712 0.339769
15 0.336138 0.575261 0.097373 0.165958
11 0.336138 0.575261 0.097373 0.165958
17 0.146460 0.752140 0.073596 0.109983
16 0.146460 0.752140 0.073596 0.109983
21 0.250061 0.117284 0.126812 0.228804
21 0.687674 0.147235 0.132473 0.104091
0 0.583651 0.421699 0.121577 0.095650
21 0.386758 0.238823 0.044622 0.060200
21 0.346763 0.429196 0.100385 0.081944
11 0.779173 0.661454 0.098130 0.173224
3 0.542777 0.732358 0.446709 0.105265
21 0.692168 0.149157 0.139080 0.085603
21 0.248012 0.127756 0.136088 0.203632
21 0.046870 0.666667 0.083747 0.394293
21 0.242778 0.498703 0.415743 0.271079
21 0.354145 0.543795 0.104005 0.184414
21 0.686370 0.134411 0.166372 0.124869
21 0.244043 0.103194 0.209565 0.242801
21 0.056075 0.700484 0.118380 0.402356
21 0.261641 0.477801 0.334345 0.364894
0 0.575987 0.440340 0.156774 0.142905
8 0.369623 0.519424 0.140778 0.192855