0 0.561587 0.332105 0.120173 0.126173
16 0.742509 0.587055 0.362259 0.298344
16 0.270833 0.412330 0.350431 0.661602
11 0.683365 0.539403 0.270584 0.244477
11 0.279704 0.364678 0.273541 0.389502
16 0.247266 0.549465 0.279208 0.207982
16 0.848411 0.557335 0.104702 0.214727
17 0.299620 0.190278 0.249124 0.130409
17 0.680098 0.129405 0.172738 0.077372
11 0.262555 0.391923 0.298277 0.396774
16 0.847298 0.576548 0.107960 0.212638
16 0.242453 0.496962 0.303074 0.247872
17 0.272370 0.303159 0.297870 0.424058
10 0.303588 0.292831 0.100157 0.089915
19 0.303588 0.292831 0.100157 0.089915
19 0.297084 0.429526 0.089752 0.074121
5 0.732834 0.532200 0.206821 0.143378
19 0.732834 0.532200 0.206821 0.143378
0 0.570892 0.316524 0.088450 0.093559