21 0.766123 0.563048 0.112261 0.308891
11 0.201560 0.450369 0.050693 0.109481
21 0.252968 0.596767 0.127804 0.183314
2 0.222980 0.821456 0.090677 0.036916
17 0.762592 0.550441 0.097689 0.296611
2 0.762592 0.550441 0.097689 0.296611
17 0.268077 0.529536 0.171507 0.324904
2 0.268077 0.529536 0.171507 0.324904
17 0.219413 0.824337 0.092058 0.035975
2 0.219413 0.824337 0.092058 0.035975
17 0.767656 0.545558 0.089434 0.312071
2 0.767656 0.545558 0.089434 0.312071
17 0.263646 0.522778 0.190361 0.332576
2 0.263646 0.522778 0.190361 0.332576
17 0.374157 0.158314 0.107317 0.022779
17 0.833451 0.898063 0.054938 0.048977
16 0.833451 0.898063 0.054938 0.048977
17 0.132054 0.738611 0.037050 0.156034
17 0.225318 0.820615 0.098374 0.039863
2 0.225318 0.820615 0.098374 0.039863
17 0.134563 0.894708 0.043765 0.035117
16 0.134563 0.894708 0.043765 0.035117