3 0.602537 0.535633 0.329528 0.100010
0 0.608651 0.315111 0.095693 0.138144
19 0.384889 0.273021 0.066914 0.118717
19 0.769198 0.264429 0.033109 0.026488
0 0.607775 0.306959 0.092770 0.111871
10 0.746574 0.294903 0.077627 0.094368
10 0.375192 0.281965 0.152208 0.140029
19 0.375192 0.281965 0.152208 0.140029
0 0.600799 0.305372 0.108597 0.111327
3 0.599344 0.526694 0.322041 0.095342
10 0.377254 0.292094 0.153350 0.143527
19 0.377254 0.292094 0.153350 0.143527
10 0.754808 0.296677 0.090046 0.084042
11 0.754808 0.296677 0.090046 0.084042