15 0.666528 0.241030 0.153056 0.192829
11 0.666528 0.241030 0.153056 0.192829
15 0.691191 0.198816 0.017070 0.014165
15 0.701940 0.212981 0.013281 0.011130
15 0.660523 0.232963 0.012643 0.015682
15 0.645347 0.249910 0.012648 0.006071
15 0.693900 0.230614 0.009267 0.008284
15 0.298596 0.159676 0.039904 0.027530
0 0.558190 0.262366 0.087752 0.100076
17 0.644909 0.135515 0.216319 0.081516
17 0.307902 0.127831 0.106907 0.048776
19 0.328365 0.184626 0.114423 0.088866
11 0.649581 0.253632 0.184484 0.199860
19 0.682891 0.216735 0.064054 0.059445
5 0.660174 0.247918 0.172405 0.203158
15 0.660174 0.247918 0.172405 0.203158
19 0.353224 0.165909 0.115324 0.123013
17 0.659590 0.137020 0.185221 0.087600
10 0.760141 0.439582 0.063251 0.116705
11 0.760141 0.439582 0.063251 0.116705
19 0.673568 0.513512 0.064071 0.106240
17 0.817066 0.672943 0.050122 0.059538
16 0.817066 0.672943 0.050122 0.059538