10 0.300628 0.376738 0.244429 0.446335
10 0.743138 0.376943 0.256535 0.460554
9 0.743138 0.376943 0.256535 0.460554
10 0.731602 0.395549 0.265890 0.412827
9 0.731602 0.395549 0.265890 0.412827
10 0.326150 0.379136 0.301984 0.433719
9 0.326150 0.379136 0.301984 0.433719
10 0.270791 0.293840 0.133563 0.167196
11 0.270791 0.293840 0.133563 0.167196
10 0.319621 0.377474 0.274515 0.441901
19 0.319621 0.377474 0.274515 0.441901
5 0.229736 0.515065 0.104462 0.130560
10 0.753258 0.393040 0.228358 0.426836