10 0.239588 0.374454 0.239737 0.479474
11 0.239588 0.374454 0.239737 0.479474
16 0.203258 0.420408 0.305137 0.626649
0 0.559918 0.257714 0.139939 0.104284
19 0.772598 0.315889 0.070152 0.044305
16 0.207096 0.578273 0.305211 0.198878
17 0.233556 0.181498 0.227677 0.157528
10 0.240940 0.384315 0.242445 0.413510
9 0.240940 0.384315 0.242445 0.413510
17 0.233851 0.187089 0.227631 0.186680
0 0.550703 0.285461 0.152135 0.160141
16 0.217837 0.587444 0.332866 0.302896
9 0.231435 0.378039 0.267759 0.451401
19 0.264623 0.227748 0.103123 0.087212
19 0.285258 0.337841 0.100333 0.094005
19 0.653553 0.222429 0.089570 0.094284
19 0.761389 0.307991 0.071892 0.058927