15 0.728475 0.226120 0.016188 0.014671
10 0.326864 0.525842 0.177157 0.437737
9 0.326864 0.525842 0.177157 0.437737
9 0.699790 0.574722 0.144867 0.399313
10 0.671772 0.540401 0.169163 0.452108
9 0.671772 0.540401 0.169163 0.452108
10 0.329823 0.477151 0.195926 0.400711
9 0.329823 0.477151 0.195926 0.400711
17 0.386686 0.124393 0.076165 0.022850
17 0.597062 0.115474 0.099072 0.022316
19 0.324863 0.503968 0.235633 0.508230
9 0.324863 0.503968 0.235633 0.508230
19 0.671733 0.557201 0.178975 0.514570
9 0.671733 0.557201 0.178975 0.514570
3 0.545618 0.277397 0.099017 0.098540