0 0.552657 0.401056 0.125174 0.169797
17 0.092776 0.917374 0.081959 0.062440
16 0.092776 0.917374 0.081959 0.062440
19 0.333734 0.148453 0.047156 0.072223
19 0.246623 0.227124 0.056213 0.026086
17 0.094793 0.927893 0.063843 0.079748
16 0.094793 0.927893 0.063843 0.079748
17 0.088117 0.906605 0.092318 0.056949
16 0.088117 0.906605 0.092318 0.056949
17 0.922537 0.951026 0.068172 0.034169
16 0.922537 0.951026 0.068172 0.034169
21 0.229976 0.510403 0.373006 0.832332
19 0.338301 0.222209 0.088312 0.170565
21 0.736778 0.508452 0.462201 0.836234