19 0.750534 0.294980 0.065574 0.028378
0 0.537745 0.269208 0.105574 0.108880
19 0.279644 0.380315 0.172964 0.079357
16 0.255491 0.546467 0.273592 0.363210
11 0.235399 0.466047 0.151331 0.096656
19 0.746018 0.290908 0.064433 0.031040
19 0.277900 0.393514 0.161084 0.079328
11 0.708373 0.475773 0.213399 0.230796
11 0.274125 0.444228 0.212917 0.151622
16 0.201109 0.521515 0.173902 0.128976
0 0.530408 0.276002 0.119184 0.130938
17 0.321348 0.112663 0.133661 0.017653
17 0.600332 0.100159 0.107846 0.015446
19 0.747242 0.291391 0.066564 0.033594
19 0.319569 0.284407 0.104660 0.021256
19 0.282919 0.393427 0.215151 0.102098
16 0.259336 0.519985 0.298114 0.252695
3 0.531145 0.563595 0.561154 0.163843
11 0.261698 0.446403 0.239966 0.151520
0 0.526350 0.267690 0.133786 0.113159