3 0.567793 0.465752 0.320091 0.085104
19 0.698864 0.355182 0.100163 0.040260
0 0.605575 0.249619 0.109984 0.123731
21 0.507199 0.206540 0.065960 0.126640
11 0.437614 0.208189 0.079811 0.095640
11 0.415607 0.352751 0.073649 0.101144
15 0.440075 0.202529 0.087083 0.095708
0 0.605778 0.267308 0.124987 0.149453
3 0.562380 0.433434 0.313372 0.104206
15 0.395793 0.371644 0.051781 0.052122
19 0.697327 0.360662 0.093822 0.031273
21 0.505135 0.178434 0.077021 0.169448
0 0.597925 0.252270 0.138779 0.130999
19 0.697796 0.364461 0.110247 0.018161
15 0.441310 0.199581 0.095498 0.108429
21 0.441310 0.199581 0.095498 0.108429
15 0.392759 0.369040 0.062139 0.058131
21 0.392759 0.369040 0.062139 0.058131
3 0.555793 0.460911 0.324059 0.102897
21 0.501704 0.195583 0.080648 0.153344