17 0.383549 0.164172 0.193977 0.075423
17 0.618236 0.189076 0.095572 0.130924
11 0.442147 0.297778 0.073157 0.190060
21 0.442147 0.297778 0.073157 0.190060
8 0.359445 0.493672 0.070061 0.077895
21 0.087620 0.561793 0.151643 0.485058
17 0.858235 0.592440 0.028521 0.089733
16 0.858235 0.592440 0.028521 0.089733
0 0.578490 0.330020 0.134512 0.144442
21 0.288333 0.446801 0.222306 0.084498
12 0.392246 0.513292 0.111675 0.135870
0 0.592411 0.318394 0.096167 0.107226
5 0.355169 0.496923 0.112015 0.111703
19 0.292599 0.435353 0.191649 0.058932
21 0.051506 0.600269 0.084011 0.314880
0 0.584936 0.322738 0.122905 0.129557
11 0.810269 0.600934 0.079939 0.059253
17 0.845741 0.610475 0.070945 0.114495
16 0.845741 0.610475 0.070945 0.114495
21 0.154259 0.299639 0.212841 0.282215