19 0.203498 0.500930 0.030682 0.013410
1 0.400148 0.179548 0.203553 0.099676
19 0.335070 0.326795 0.206490 0.193309
19 0.711352 0.225232 0.103735 0.104961
19 0.706875 0.192704 0.090070 0.064864
17 0.364988 0.239035 0.278464 0.207335
19 0.392384 0.323013 0.181639 0.189962
10 0.381887 0.262818 0.237075 0.235464
11 0.381887 0.262818 0.237075 0.235464
19 0.679983 0.192413 0.029305 0.070053
17 0.707365 0.152568 0.038910 0.020015
17 0.147253 0.787299 0.022489 0.039784
16 0.147253 0.787299 0.022489 0.039784