0 0.578666 0.398609 0.132575 0.097716
17 0.842823 0.837925 0.059358 0.079652
19 0.098178 0.817601 0.045528 0.041863
19 0.846683 0.720778 0.105895 0.160089
19 0.215338 0.393113 0.146176 0.171242
17 0.747239 0.240931 0.209120 0.084627
15 0.362958 0.215644 0.033063 0.028912
17 0.851120 0.831440 0.090888 0.102721
17 0.091090 0.833088 0.071975 0.089608
15 0.370293 0.761695 0.042089 0.037292
17 0.091005 0.836447 0.061712 0.114494
16 0.091005 0.836447 0.061712 0.114494
17 0.861802 0.859043 0.090753 0.173748
16 0.861802 0.859043 0.090753 0.173748
21 0.689372 0.834439 0.275892 0.062268
21 0.175094 0.468435 0.093174 0.025107