17 0.391013 0.128090 0.112848 0.031392
17 0.672307 0.133322 0.169271 0.065294
0 0.604379 0.289652 0.169268 0.134357
14 0.463103 0.186463 0.106422 0.219928
3 0.521133 0.570031 0.468944 0.152745
11 0.400973 0.351068 0.109527 0.195807
10 0.226497 0.431709 0.210059 0.333059
11 0.226497 0.431709 0.210059 0.333059
16 0.142401 0.590219 0.077626 0.123496
10 0.774572 0.457448 0.236068 0.284368
11 0.774572 0.457448 0.236068 0.284368
10 0.793150 0.465049 0.222922 0.259923
3 0.520616 0.558088 0.458729 0.205773
5 0.210716 0.421235 0.158494 0.345576
16 0.188166 0.609286 0.198439 0.134884
17 0.400494 0.135456 0.152134 0.030015
17 0.665478 0.120721 0.209275 0.046387
0 0.620320 0.299098 0.142490 0.135683
14 0.450073 0.179465 0.077294 0.227693
10 0.780175 0.467357 0.262039 0.346406
10 0.295608 0.402206 0.343842 0.425855
16 0.287386 0.589875 0.360694 0.183909