15 0.786397 0.279546 0.074465 0.087223
11 0.786397 0.279546 0.074465 0.087223
11 0.829835 0.450638 0.090690 0.092015
19 0.829835 0.450638 0.090690 0.092015
15 0.904777 0.712307 0.154655 0.093931
11 0.904777 0.712307 0.154655 0.093931
15 0.285201 0.253667 0.061098 0.091057
11 0.285201 0.253667 0.061098 0.091057
15 0.179234 0.361018 0.034368 0.045050
11 0.179234 0.361018 0.034368 0.045050
15 0.129072 0.533743 0.131941 0.141219
11 0.129072 0.533743 0.131941 0.141219
15 0.230517 0.673712 0.105802 0.131220
11 0.230517 0.673712 0.105802 0.131220
0 0.580880 0.441246 0.155590 0.128722
15 0.790750 0.284256 0.065380 0.060056
15 0.829003 0.451854 0.111285 0.099162
15 0.134167 0.531462 0.129368 0.132679
15 0.896470 0.713027 0.118240 0.115924
15 0.180072 0.358278 0.048688 0.051676
15 0.281416 0.256317 0.060875 0.089475
0 0.584382 0.464934 0.135065 0.179420
15 0.789292 0.666915 0.061875 0.073087
15 0.290965 0.686950 0.100088 0.107475
15 0.789547 0.288417 0.066245 0.074542
15 0.829525 0.449541 0.086810 0.098624
15 0.786695 0.663419 0.046830 0.063072
15 0.882068 0.703557 0.068535 0.069955
16 0.902625 0.666285 0.105080 0.318805
16 0.056254 0.730505 0.086807 0.275226
15 0.180755 0.357798 0.038835 0.050459
15 0.155396 0.519585 0.084025 0.083360
15 0.118385 0.544691 0.066020 0.081350
15 0.065869 0.656170 0.027008 0.031135
15 0.228418 0.678266 0.130039 0.125537
11 0.228418 0.678266 0.130039 0.125537
17 0.186906 0.228834 0.109033 0.096415
0 0.568520 0.451792 0.166049 0.138594
3 0.607132 0.712565 0.556066 0.138293
17 0.770080 0.202220 0.127040 0.073315