11 0.218088 0.228846 0.061288 0.076185
16 0.710015 0.348723 0.383286 0.470277
11 0.701940 0.331928 0.257318 0.335053
16 0.726649 0.412923 0.292300 0.287799
17 0.638819 0.190328 0.215009 0.152893
19 0.224967 0.225179 0.056211 0.089938
17 0.090061 0.529280 0.053401 0.075323
16 0.090061 0.529280 0.053401 0.075323
16 0.719301 0.332401 0.341641 0.476705
11 0.677973 0.396635 0.181493 0.223084
11 0.212952 0.219351 0.070882 0.086617
19 0.212952 0.219351 0.070882 0.086617
21 0.164555 0.518858 0.145521 0.047868