17 0.123732 0.741734 0.077186 0.088559
1 0.293845 0.240841 0.234603 0.134872
19 0.264155 0.347309 0.171084 0.141472
19 0.752533 0.341198 0.056758 0.037757
15 0.692793 0.245372 0.055560 0.029632
15 0.642908 0.241071 0.022700 0.033455
0 0.557170 0.368296 0.113646 0.148436
14 0.434811 0.230194 0.110378 0.208055
17 0.692656 0.183335 0.167187 0.066620
19 0.746465 0.339892 0.054449 0.039459
2 0.746465 0.339892 0.054449 0.039459
19 0.670556 0.233556 0.089679 0.108641
2 0.670556 0.233556 0.089679 0.108641
17 0.291335 0.247905 0.263917 0.128115
19 0.274493 0.350828 0.212672 0.155642
14 0.430970 0.340492 0.139389 0.340634
15 0.747754 0.341265 0.062930 0.041165
15 0.670063 0.254757 0.098390 0.062747
19 0.276549 0.326452 0.199100 0.124380
1 0.284011 0.227665 0.269276 0.114246
0 0.556304 0.355035 0.157400 0.130618
17 0.650898 0.169951 0.092786 0.025522