0 0.605606 0.242423 0.117488 0.097142
3 0.632378 0.512944 0.480363 0.207809
19 0.236297 0.317492 0.104887 0.056162
16 0.215819 0.546274 0.179806 0.102412
11 0.238794 0.429406 0.237743 0.139580
3 0.631396 0.508192 0.490129 0.217282
0 0.593929 0.274070 0.131969 0.142492
11 0.332626 0.412053 0.263835 0.218147
16 0.231080 0.540892 0.203606 0.075957
19 0.236939 0.314378 0.110135 0.046094
17 0.181092 0.413076 0.066669 0.157064
16 0.276698 0.475921 0.316619 0.264596
3 0.611297 0.468156 0.518146 0.225700
0 0.599923 0.249246 0.151650 0.122255
11 0.287773 0.449347 0.272974 0.169274