17 0.111380 0.735706 0.031982 0.047135
1 0.329223 0.396293 0.225966 0.196572
3 0.547279 0.710447 0.414471 0.179250
17 0.108806 0.743961 0.055563 0.077600
16 0.108806 0.743961 0.055563 0.077600
5 0.239204 0.707697 0.218248 0.087239
5 0.322773 0.403717 0.261947 0.197326
3 0.548143 0.675225 0.423151 0.246469
0 0.575786 0.346057 0.120277 0.122685
3 0.539588 0.694422 0.455296 0.205803
17 0.107899 0.725891 0.056932 0.152745
16 0.107899 0.725891 0.056932 0.152745
18 0.332845 0.247029 0.209098 0.127744
11 0.328568 0.409387 0.245787 0.210616