0 0.599462 0.341355 0.127477 0.117819
17 0.060759 0.901588 0.047111 0.061457
19 0.768350 0.381158 0.166968 0.285338
1 0.736493 0.611141 0.329649 0.289482
11 0.736493 0.611141 0.329649 0.289482
17 0.883233 0.757929 0.053050 0.042931
16 0.883233 0.757929 0.053050 0.042931
3 0.560056 0.631579 0.460198 0.225932
0 0.598377 0.343201 0.130007 0.149521
19 0.736657 0.464054 0.260018 0.532880
19 0.754180 0.383327 0.258338 0.399844
0 0.596116 0.332533 0.139455 0.142473
17 0.887797 0.732990 0.053921 0.092965
16 0.887797 0.732990 0.053921 0.092965
3 0.565979 0.684773 0.462857 0.143175
17 0.059379 0.877029 0.058977 0.094565
16 0.059379 0.877029 0.058977 0.094565
17 0.709218 0.578671 0.140460 0.283680