15 0.180481 0.463566 0.048703 0.035575
15 0.756670 0.256165 0.181273 0.251126
19 0.756670 0.256165 0.181273 0.251126
15 0.246458 0.306845 0.212206 0.211327
17 0.669598 0.082761 0.119410 0.046627
19 0.760260 0.251609 0.173154 0.247032
2 0.760260 0.251609 0.173154 0.247032
2 0.181269 0.462949 0.058932 0.031917
19 0.251406 0.310835 0.258968 0.205763
2 0.251406 0.310835 0.258968 0.205763
15 0.176411 0.464817 0.039777 0.028145
2 0.176411 0.464817 0.039777 0.028145
19 0.229626 0.315735 0.238660 0.183826
2 0.229626 0.315735 0.238660 0.183826
15 0.811764 0.295945 0.026872 0.024627
2 0.811764 0.295945 0.026872 0.024627
2 0.830038 0.363230 0.044077 0.030782
19 0.764539 0.281560 0.181677 0.338454
2 0.764539 0.281560 0.181677 0.338454