21 0.693809 0.366398 0.040137 0.042432
19 0.685780 0.258027 0.207568 0.282110
17 0.706423 0.160550 0.076836 0.050459
21 0.347477 0.661698 0.115826 0.048167
19 0.384175 0.204702 0.166285 0.166285
19 0.351862 0.440744 0.152655 0.218942
21 0.351862 0.440744 0.152655 0.218942
19 0.705013 0.350864 0.210677 0.434945
21 0.695199 0.370120 0.044551 0.040020
19 0.367402 0.364154 0.228498 0.445442
17 0.694821 0.147361 0.104206 0.055123
19 0.691372 0.259417 0.223571 0.292832
1 0.397934 0.264884 0.176183 0.277035
19 0.397934 0.264884 0.176183 0.277035