15 0.798058 0.365735 0.023696 0.022036
15 0.200384 0.325017 0.020816 0.023991
15 0.752443 0.488894 0.082643 0.338020
15 0.169500 0.738792 0.020052 0.014350
15 0.204977 0.402030 0.012510 0.015073
2 0.813310 0.365713 0.051304 0.023847
19 0.225271 0.418088 0.090213 0.198315
2 0.225271 0.418088 0.090213 0.198315
19 0.768575 0.289899 0.047762 0.082345
15 0.796803 0.369380 0.021611 0.021871
21 0.796803 0.369380 0.021611 0.021871
19 0.760783 0.306804 0.047544 0.093560
21 0.760783 0.306804 0.047544 0.093560
19 0.221927 0.408261 0.110941 0.199269
21 0.221927 0.408261 0.110941 0.199269