0 0.593942 0.305276 0.138016 0.154774
11 0.715985 0.445220 0.325872 0.612652
10 0.246985 0.507130 0.213414 0.279886
11 0.246985 0.507130 0.213414 0.279886
21 0.278523 0.497081 0.130389 0.080018
21 0.163806 0.508217 0.039169 0.056412
15 0.612453 0.317797 0.151358 0.189133
3 0.578850 0.669816 0.400998 0.205730
10 0.264644 0.397861 0.092968 0.065484
10 0.794445 0.555279 0.192179 0.419759
21 0.262662 0.760038 0.055975 0.066380
21 0.282091 0.500932 0.148658 0.069896
21 0.213198 0.185269 0.091429 0.072504
21 0.860815 0.173734 0.019593 0.025267
15 0.591427 0.293475 0.162175 0.194442
11 0.591427 0.293475 0.162175 0.194442