17 0.151751 0.761349 0.068742 0.108949
16 0.151751 0.761349 0.068742 0.108949
17 0.790531 0.805448 0.064850 0.101169
16 0.790531 0.805448 0.064850 0.101169
0 0.554474 0.301556 0.090791 0.081712
17 0.159995 0.765654 0.097376 0.112669
16 0.159995 0.765654 0.097376 0.112669
17 0.800392 0.822186 0.044775 0.077614
16 0.800392 0.822186 0.044775 0.077614
0 0.553571 0.308289 0.088906 0.083553
17 0.153486 0.753364 0.077125 0.133897
16 0.153486 0.753364 0.077125 0.133897
17 0.783340 0.806922 0.068555 0.091051
16 0.783340 0.806922 0.068555 0.091051