21 0.670126 0.084033 0.280304 0.144621
21 0.224277 0.090939 0.327023 0.148684
21 0.053656 0.417962 0.105622 0.393242
0 0.518003 0.330878 0.110165 0.081640
11 0.235624 0.412983 0.294556 0.440674
21 0.649529 0.075166 0.195681 0.122084
21 0.191097 0.089935 0.337208 0.167374
21 0.060644 0.417790 0.115685 0.370191
0 0.526964 0.348895 0.102504 0.107793
21 0.411907 0.094168 0.767010 0.178615
21 0.114259 0.490423 0.224794 0.541633
17 0.068651 0.649453 0.098724 0.095990
16 0.068651 0.649453 0.098724 0.095990
21 0.568503 0.446263 0.058524 0.202183
19 0.819234 0.618116 0.078477 0.028733