16 0.783579 0.623938 0.129865 0.183007
11 0.296061 0.433014 0.082000 0.063354
15 0.171660 0.489363 0.049060 0.034760
11 0.667159 0.381152 0.060273 0.127836
11 0.761185 0.584852 0.056467 0.063344
11 0.756276 0.501132 0.141172 0.058924
15 0.287665 0.435240 0.079241 0.051611
15 0.755302 0.576259 0.070464 0.053809
15 0.684924 0.467243 0.035464 0.027264
15 0.703904 0.522767 0.042947 0.031917
15 0.163567 0.489207 0.050980 0.041670
15 0.634829 0.381164 0.124822 0.178958
16 0.788520 0.600705 0.167873 0.185278
19 0.750885 0.475130 0.169696 0.047983
15 0.287650 0.436012 0.093674 0.050545
15 0.163296 0.489637 0.051839 0.035802
15 0.635401 0.367433 0.132148 0.180474
19 0.192156 0.404672 0.059323 0.044733
15 0.684221 0.467155 0.036037 0.026545
15 0.706580 0.521679 0.044089 0.034469
15 0.753583 0.577241 0.068077 0.053295
16 0.798047 0.593740 0.108550 0.160840
19 0.757144 0.480391 0.161997 0.046247