17 0.664375 0.234996 0.269479 0.196407
19 0.692480 0.332208 0.117383 0.103826
5 0.740694 0.393736 0.090998 0.079958
15 0.740694 0.393736 0.090998 0.079958
11 0.680781 0.458782 0.217405 0.295603
19 0.681450 0.317902 0.090443 0.082078
5 0.740250 0.395587 0.083911 0.072201
15 0.740250 0.395587 0.083911 0.072201
5 0.636506 0.426122 0.114375 0.181673
11 0.667192 0.478170 0.266215 0.350931
15 0.744141 0.392568 0.095174 0.073115
11 0.744141 0.392568 0.095174 0.073115
19 0.678589 0.325002 0.083828 0.078156
11 0.687711 0.573707 0.210569 0.169733