15 0.520253 0.322109 0.328174 0.217568
21 0.520253 0.322109 0.328174 0.217568
17 0.127964 0.707116 0.042985 0.041663
16 0.127964 0.707116 0.042985 0.041663
17 0.947155 0.706125 0.046289 0.048938
16 0.947155 0.706125 0.046289 0.048938
0 0.601532 0.308997 0.139071 0.154575
17 0.121970 0.709545 0.042475 0.043799
16 0.121970 0.709545 0.042475 0.043799
21 0.385925 0.339303 0.112421 0.158053
15 0.516485 0.297592 0.312499 0.230504
11 0.516485 0.297592 0.312499 0.230504
17 0.123710 0.696101 0.065941 0.038993
16 0.123710 0.696101 0.065941 0.038993
17 0.946530 0.702410 0.034405 0.049312
16 0.946530 0.702410 0.034405 0.049312