0 0.588998 0.254996 0.145034 0.124005
3 0.589664 0.562771 0.440352 0.204426
17 0.408697 0.106406 0.042437 0.016495
17 0.637108 0.094681 0.104912 0.025951
21 0.181517 0.078480 0.258435 0.125800
21 0.727984 0.056102 0.262770 0.102818
21 0.062406 0.663937 0.106839 0.648356
21 0.975314 0.669933 0.032112 0.128955
11 0.214047 0.419969 0.385900 0.291774
21 0.214047 0.419969 0.385900 0.291774
21 0.198925 0.057766 0.323291 0.102696
21 0.782687 0.052632 0.176201 0.094994
21 0.064859 0.639280 0.082738 0.605907
21 0.196885 0.376237 0.366536 0.201230
3 0.584441 0.558644 0.445709 0.210141
0 0.595459 0.263311 0.132188 0.147666
17 0.402844 0.106789 0.086592 0.018298
17 0.645767 0.093146 0.114181 0.020545
0 0.592529 0.255150 0.136787 0.130429
3 0.588105 0.552090 0.435176 0.220801
21 0.047178 0.683615 0.071533 0.616667
21 0.206034 0.065517 0.327777 0.125122
21 0.727762 0.052111 0.256014 0.099935
17 0.122797 0.625604 0.021495 0.061670
16 0.122797 0.625604 0.021495 0.061670