5 0.317975 0.527168 0.155951 0.100816
11 0.317975 0.527168 0.155951 0.100816
19 0.752578 0.436568 0.139410 0.088844
19 0.260699 0.378064 0.209618 0.170595
17 0.103298 0.772281 0.052593 0.064312
19 0.750927 0.440450 0.126332 0.075274
17 0.320046 0.219129 0.125255 0.039120
10 0.266081 0.405028 0.241613 0.250563
19 0.266081 0.405028 0.241613 0.250563
15 0.633118 0.468851 0.099518 0.093340
5 0.628268 0.273654 0.152127 0.137809
15 0.373954 0.441915 0.109884 0.111066
5 0.315261 0.526500 0.153566 0.085104
17 0.329424 0.217733 0.111387 0.032403
17 0.618388 0.216955 0.128754 0.019061
0 0.552847 0.382516 0.123073 0.115280
15 0.391128 0.410007 0.153448 0.182583
11 0.312783 0.530233 0.153871 0.088944
19 0.312783 0.530233 0.153871 0.088944
19 0.267601 0.435187 0.212260 0.294932
19 0.756975 0.443005 0.114505 0.080385
17 0.091312 0.773788 0.022910 0.047285
16 0.091312 0.773788 0.022910 0.047285