15 0.286508 0.830660 0.025978 0.026653
2 0.215390 0.784019 0.080487 0.069295
19 0.305531 0.605651 0.080510 0.090928
19 0.256947 0.479106 0.021100 0.071813
17 0.177546 0.505748 0.031094 0.138995
2 0.208640 0.523700 0.048862 0.116988
2 0.792766 0.358353 0.025539 0.037643
15 0.801782 0.581423 0.021373 0.025478
15 0.823652 0.479852 0.017964 0.016861
17 0.835551 0.572362 0.026496 0.120377
19 0.680365 0.333462 0.028955 0.041527
19 0.758336 0.322924 0.018397 0.031146
15 0.736437 0.296914 0.008911 0.010143
15 0.337065 0.403152 0.014358 0.012836
0 0.592765 0.365143 0.077866 0.092050
3 0.603223 0.706940 0.381704 0.139347
0 0.578150 0.387676 0.102151 0.148908
2 0.211738 0.786432 0.072912 0.065471
2 0.226067 0.504875 0.091419 0.152162
2 0.788974 0.446331 0.106422 0.289208
2 0.306102 0.588092 0.086842 0.112240
2 0.212301 0.781989 0.070395 0.039372
17 0.206690 0.490423 0.065293 0.224529
2 0.194957 0.535647 0.029586 0.136205
10 0.284431 0.528157 0.118936 0.228519
19 0.284431 0.528157 0.118936 0.228519
17 0.777868 0.363474 0.070582 0.126739
2 0.777868 0.363474 0.070582 0.126739
17 0.811373 0.543333 0.046459 0.106236
2 0.792163 0.359281 0.024122 0.047527