19 0.597782 0.275474 0.122778 0.121953
2 0.597782 0.275474 0.122778 0.121953
15 0.709043 0.527217 0.054492 0.034212
19 0.709043 0.527217 0.054492 0.034212
2 0.709043 0.527217 0.054492 0.034212
15 0.734197 0.602293 0.034913 0.023003
19 0.739844 0.718957 0.044158 0.055865
2 0.739844 0.718957 0.044158 0.055865
19 0.348540 0.531568 0.037562 0.043594
2 0.348540 0.531568 0.037562 0.043594
21 0.348540 0.531568 0.037562 0.043594
19 0.254636 0.562464 0.031743 0.036823
21 0.254636 0.562464 0.031743 0.036823
19 0.268981 0.359513 0.047119 0.030446
19 0.195283 0.521167 0.054368 0.038660
2 0.743240 0.721059 0.030950 0.046542
2 0.705056 0.522139 0.070946 0.037646
2 0.723155 0.589030 0.060807 0.060233
2 0.346348 0.530247 0.039816 0.049229
2 0.256942 0.561521 0.031853 0.036486
2 0.196132 0.518955 0.049227 0.039382
2 0.266176 0.421563 0.106530 0.039882
2 0.266176 0.356005 0.051899 0.039880
2 0.573474 0.240733 0.073754 0.060640
2 0.610011 0.312027 0.088095 0.034964
2 0.358251 0.223999 0.049125 0.062381
17 0.582687 0.227763 0.098950 0.109558
2 0.582687 0.227763 0.098950 0.109558
17 0.344512 0.214079 0.072844 0.073163
2 0.344512 0.214079 0.072844 0.073163
15 0.347369 0.533033 0.043934 0.049080
15 0.255344 0.562481 0.031665 0.042115
15 0.266784 0.357740 0.049568 0.045201
15 0.266141 0.421594 0.113595 0.042431
15 0.193116 0.516111 0.063329 0.040847
15 0.713776 0.523991 0.061467 0.035795
15 0.721673 0.583599 0.059622 0.062115
15 0.569896 0.303964 0.020946 0.013843
15 0.642600 0.324364 0.021250 0.011900