11 0.704334 0.432927 0.211422 0.249428
19 0.704334 0.432927 0.211422 0.249428
17 0.254742 0.285303 0.218419 0.180205
19 0.273251 0.349109 0.259140 0.185381
17 0.654493 0.218507 0.221305 0.102509
17 0.256337 0.287331 0.197495 0.218642
17 0.838769 0.884617 0.039623 0.063397
19 0.674628 0.403159 0.316711 0.422435
19 0.258695 0.470639 0.248792 0.468348
17 0.237851 0.268529 0.199545 0.157957
19 0.238503 0.577763 0.208676 0.249090
1 0.260022 0.346294 0.223021 0.177400
19 0.260022 0.346294 0.223021 0.177400
9 0.260022 0.346294 0.223021 0.177400
17 0.741575 0.258447 0.068532 0.090451
1 0.675898 0.411678 0.247854 0.224527
19 0.675898 0.411678 0.247854 0.224527
9 0.675898 0.411678 0.247854 0.224527