15 0.289881 0.425362 0.029339 0.022072
19 0.289881 0.425362 0.029339 0.022072
15 0.803706 0.451005 0.111804 0.148659
19 0.803706 0.451005 0.111804 0.148659
3 0.582162 0.672000 0.399367 0.173941
19 0.796348 0.412553 0.112734 0.053185
2 0.796348 0.412553 0.112734 0.053185
19 0.308199 0.409573 0.065910 0.114817
2 0.308199 0.409573 0.065910 0.114817
15 0.288708 0.426639 0.028511 0.015837
2 0.288708 0.426639 0.028511 0.015837
17 0.096662 0.820996 0.057125 0.042516
16 0.096662 0.820996 0.057125 0.042516
19 0.806104 0.463068 0.097586 0.127376