15 0.719568 0.415404 0.167279 0.261741
19 0.719568 0.415404 0.167279 0.261741
15 0.732782 0.725710 0.080599 0.057809
19 0.732782 0.725710 0.080599 0.057809
19 0.707639 0.362073 0.154271 0.149000
2 0.707639 0.362073 0.154271 0.149000
19 0.743162 0.520139 0.082765 0.046174
2 0.743162 0.520139 0.082765 0.046174
19 0.733592 0.720953 0.081558 0.052274
2 0.733592 0.720953 0.081558 0.052274
15 0.687715 0.347899 0.192539 0.147777
19 0.687715 0.347899 0.192539 0.147777
2 0.687715 0.347899 0.192539 0.147777
15 0.744627 0.521434 0.071059 0.045667
2 0.744627 0.521434 0.071059 0.045667
15 0.729484 0.721330 0.064071 0.046597
19 0.729484 0.721330 0.064071 0.046597