3 0.581897 0.534424 0.418871 0.151360
20 0.143606 0.438964 0.035693 0.053320
20 0.117886 0.524104 0.047241 0.056760
11 0.091602 0.603458 0.061112 0.101452
17 0.091602 0.603458 0.061112 0.101452
20 0.144602 0.371975 0.037315 0.038101
20 0.141357 0.328780 0.025418 0.037658
0 0.513761 0.248422 0.102254 0.089704
17 0.251303 0.111500 0.079986 0.037658
0 0.512665 0.267186 0.104494 0.119326
3 0.577579 0.523994 0.436980 0.186772
21 0.205947 0.621298 0.350361 0.208428
3 0.579248 0.549544 0.426827 0.110480