11 0.746760 0.522813 0.156598 0.152216
16 0.750367 0.556782 0.231808 0.333676
19 0.740577 0.455303 0.232840 0.079121
3 0.540924 0.629620 0.395736 0.161327
17 0.341319 0.237879 0.107874 0.032376
17 0.730090 0.241926 0.136355 0.046541
14 0.464620 0.440934 0.130634 0.246486
16 0.751063 0.599391 0.257185 0.233992
11 0.728609 0.492048 0.220449 0.194237
17 0.765403 0.276077 0.152122 0.100062
17 0.381813 0.227435 0.112414 0.017961
17 0.663953 0.236599 0.117244 0.025292
0 0.560992 0.379385 0.114828 0.113009
16 0.795281 0.593283 0.245872 0.321369
19 0.748169 0.449641 0.188125 0.079765
11 0.744379 0.512824 0.196787 0.174632