21 0.720569 0.043458 0.185902 0.086743
21 0.304822 0.076578 0.128442 0.140366
21 0.100328 0.569437 0.169003 0.801192
0 0.574366 0.298754 0.120327 0.110172
3 0.554502 0.586366 0.384820 0.104876
11 0.328605 0.380323 0.210006 0.330515
21 0.666781 0.062905 0.158444 0.105058
21 0.302642 0.076524 0.122305 0.121919
21 0.077773 0.702932 0.137722 0.569902
21 0.246827 0.409130 0.452790 0.314640
21 0.789080 0.379597 0.332291 0.239672
21 0.145802 0.260329 0.121717 0.214682
0 0.577668 0.308881 0.111186 0.129703
11 0.778734 0.430711 0.194748 0.389607
5 0.323113 0.393935 0.204486 0.247622
21 0.535806 0.065614 0.596329 0.126367
21 0.109392 0.541313 0.214835 0.846902
21 0.731111 0.356622 0.210928 0.253948
5 0.319019 0.360267 0.217440 0.351153
11 0.319019 0.360267 0.217440 0.351153
18 0.272796 0.405833 0.369775 0.624546