19 0.326252 0.370835 0.061074 0.041012
19 0.272406 0.341194 0.049215 0.023104
15 0.818253 0.725100 0.023193 0.017277
19 0.818253 0.725100 0.023193 0.017277
15 0.824878 0.762836 0.044455 0.022116
15 0.391212 0.439419 0.060533 0.103198
15 0.308925 0.600205 0.015133 0.013820
15 0.676381 0.478580 0.055804 0.118862
15 0.624033 0.474686 0.025602 0.037412
21 0.624033 0.474686 0.025602 0.037412
3 0.569557 0.695889 0.431626 0.141761
2 0.675852 0.487694 0.050530 0.212664
21 0.675852 0.487694 0.050530 0.212664
2 0.388324 0.494585 0.065690 0.224475
21 0.388324 0.494585 0.065690 0.224475
3 0.585905 0.704294 0.440642 0.155560
19 0.310044 0.355456 0.129213 0.088518
0 0.581697 0.441840 0.111937 0.134906
19 0.279561 0.328013 0.063083 0.067465
11 0.330987 0.375440 0.074055 0.052770
15 0.393042 0.434557 0.062398 0.092183
15 0.818724 0.724658 0.022268 0.018078
15 0.307279 0.599865 0.020316 0.015833
15 0.702599 0.542870 0.117012 0.063327
0 0.575523 0.412789 0.095352 0.061928
3 0.574992 0.711073 0.424852 0.175461