0 0.564625 0.304622 0.112164 0.109686
3 0.574318 0.635177 0.369371 0.147512
17 0.283368 0.726560 0.212527 0.072363
2 0.283368 0.726560 0.212527 0.072363
17 0.755291 0.745114 0.187468 0.085352
2 0.755291 0.745114 0.187468 0.085352
17 0.345325 0.293424 0.144621 0.169496
2 0.345325 0.293424 0.144621 0.169496
15 0.712655 0.206411 0.025339 0.061175
19 0.220093 0.417376 0.029184 0.103884
11 0.270986 0.431964 0.102499 0.104598
17 0.270986 0.431964 0.102499 0.104598
11 0.288069 0.613051 0.204997 0.142310
17 0.288069 0.613051 0.204997 0.142310
11 0.816163 0.646535 0.019325 0.072906
11 0.752268 0.460685 0.035171 0.061107
17 0.756187 0.742619 0.191339 0.096276
2 0.756187 0.742619 0.191339 0.096276
17 0.284904 0.726573 0.219591 0.087290
2 0.284904 0.726573 0.219591 0.087290
17 0.347827 0.295250 0.142540 0.174583
2 0.347827 0.295250 0.142540 0.174583
17 0.269494 0.435816 0.109153 0.119386
2 0.269494 0.435816 0.109153 0.119386
17 0.276201 0.614109 0.175441 0.128161
2 0.276201 0.614109 0.175441 0.128161
17 0.699936 0.450280 0.110307 0.159497
2 0.699936 0.450280 0.110307 0.159497
17 0.815661 0.624054 0.036443 0.115191
2 0.815661 0.624054 0.036443 0.115191
2 0.715693 0.200204 0.027579 0.068919
0 0.565493 0.311818 0.111750 0.127368
15 0.651266 0.211134 0.049825 0.038423
15 0.711412 0.203662 0.023489 0.060481
17 0.346261 0.294740 0.147343 0.172905
2 0.346261 0.294740 0.147343 0.172905
17 0.267251 0.427797 0.116022 0.123099
2 0.267251 0.427797 0.116022 0.123099
17 0.281333 0.600432 0.210726 0.169175
2 0.281333 0.600432 0.210726 0.169175
17 0.295164 0.728417 0.246759 0.056755
2 0.295164 0.728417 0.246759 0.056755
17 0.744766 0.738301 0.182646 0.090982
2 0.744766 0.738301 0.182646 0.090982
17 0.834530 0.782544 0.038025 0.056083
16 0.834530 0.782544 0.038025 0.056083
17 0.704098 0.581312 0.256454 0.253185
2 0.704098 0.581312 0.256454 0.253185