18 0.295690 0.587835 0.357943 0.156835
21 0.525164 0.082353 0.767198 0.114670
21 0.061162 0.526419 0.094519 0.634059
16 0.155612 0.666929 0.103202 0.145714
11 0.274765 0.316122 0.255101 0.430038
18 0.275119 0.330340 0.308800 0.355240
21 0.778485 0.068322 0.243272 0.131922
21 0.191906 0.071253 0.340904 0.140717
21 0.237519 0.483877 0.454536 0.250653
18 0.286864 0.291681 0.300943 0.355660
18 0.287713 0.594011 0.350455 0.144729
16 0.284469 0.701570 0.359641 0.069840
18 0.292260 0.592547 0.316618 0.136326
16 0.278489 0.712510 0.319910 0.100924
18 0.300740 0.238912 0.340859 0.191940
21 0.829274 0.061822 0.299973 0.113255
21 0.190304 0.070457 0.359385 0.131807
21 0.250945 0.441144 0.463821 0.164903