17 0.843296 0.727060 0.038838 0.056760
16 0.843296 0.727060 0.038838 0.056760
19 0.678552 0.304526 0.132563 0.218348
19 0.187547 0.391164 0.061997 0.025064
10 0.751477 0.488812 0.104741 0.149480
19 0.217535 0.287252 0.048149 0.030240
17 0.854543 0.715616 0.043267 0.056120
16 0.854543 0.715616 0.043267 0.056120
10 0.233841 0.340904 0.093072 0.138873
10 0.710581 0.351991 0.236514 0.290115
10 0.711074 0.343836 0.211064 0.288175
11 0.711074 0.343836 0.211064 0.288175
17 0.838909 0.722000 0.062485 0.059312
16 0.838909 0.722000 0.062485 0.059312