21 0.872316 0.336865 0.263372 0.546096
18 0.648650 0.192858 0.134688 0.088023
16 0.626111 0.286481 0.279497 0.473858
11 0.648685 0.301099 0.193498 0.312176
21 0.200415 0.037512 0.212849 0.084279
18 0.640881 0.195252 0.126102 0.087948
16 0.632797 0.333210 0.189692 0.193142
17 0.522865 0.167661 0.125026 0.232803
17 0.681838 0.273284 0.188615 0.431980
21 0.806862 0.350455 0.179991 0.474229
11 0.623869 0.265109 0.285968 0.423691
10 0.304400 0.410047 0.191311 0.108795
13 0.660959 0.197491 0.131519 0.084605
21 0.818941 0.375384 0.158802 0.504995
21 0.206303 0.043476 0.130819 0.072598