0 0.564002 0.378936 0.129835 0.156531
3 0.540769 0.595089 0.368471 0.138247
0 0.568197 0.374840 0.126767 0.148910
3 0.558134 0.578859 0.376605 0.148622
17 0.395047 0.216568 0.081886 0.025195
17 0.621283 0.233365 0.123876 0.022676
0 0.555408 0.359763 0.151701 0.118419
15 0.587426 0.345486 0.018368 0.010077
15 0.598974 0.374042 0.017322 0.012597
15 0.655927 0.344436 0.015751 0.014697
15 0.667476 0.369842 0.025195 0.015955
15 0.641504 0.388009 0.016428 0.010517
3 0.552298 0.587703 0.373346 0.131837