19 0.339364 0.446046 0.067216 0.038121
16 0.134914 0.751168 0.097684 0.158580
21 0.132135 0.726101 0.043950 0.046335
11 0.238237 0.562296 0.156014 0.194911
11 0.217354 0.706415 0.061584 0.057823
16 0.133413 0.742562 0.096690 0.151736
2 0.140512 0.713027 0.060854 0.071815
17 0.307081 0.224151 0.226990 0.078034
10 0.248789 0.590513 0.164451 0.259229
17 0.137101 0.583178 0.055386 0.327401
11 0.275883 0.544577 0.213024 0.264020
17 0.275883 0.544577 0.213024 0.264020
16 0.165743 0.779597 0.172352 0.073349
17 0.303815 0.218131 0.184368 0.048590