0 0.544588 0.376446 0.141079 0.140833
17 0.304267 0.172623 0.197301 0.063846
17 0.647400 0.125481 0.095921 0.017075
21 0.044577 0.654438 0.080325 0.397924
19 0.239562 0.544295 0.198639 0.144780
17 0.312401 0.177455 0.163529 0.055351
21 0.163346 0.643142 0.315824 0.384995
21 0.810143 0.541943 0.195433 0.333156
19 0.250524 0.497833 0.166088 0.018332
19 0.245108 0.563141 0.036106 0.084784
5 0.180538 0.567752 0.147803 0.190126
11 0.180538 0.567752 0.147803 0.190126
0 0.553281 0.382146 0.118423 0.145805
21 0.054232 0.668163 0.095065 0.430360
17 0.165339 0.546374 0.155883 0.456319
19 0.244742 0.541736 0.193881 0.115005
19 0.328529 0.182339 0.098402 0.060286
17 0.671666 0.129112 0.088875 0.041725