19 0.763794 0.817362 0.192527 0.115239
2 0.763794 0.817362 0.192527 0.115239
19 0.318808 0.408004 0.140621 0.189199
2 0.318808 0.408004 0.140621 0.189199
19 0.278161 0.589143 0.148773 0.090379
19 0.738505 0.325023 0.109101 0.054225
19 0.758467 0.820964 0.208501 0.128160
2 0.758467 0.820964 0.208501 0.128160
19 0.667170 0.324623 0.122139 0.154019
19 0.300623 0.587340 0.204939 0.079677
2 0.300623 0.587340 0.204939 0.079677
19 0.299508 0.465571 0.112701 0.073246
2 0.299508 0.465571 0.112701 0.073246
19 0.334727 0.365894 0.070438 0.114021
2 0.334727 0.365894 0.070438 0.114021
19 0.386933 0.273016 0.083696 0.061165
17 0.636035 0.252041 0.157800 0.072448
17 0.369628 0.244958 0.159402 0.034784
17 0.761546 0.767722 0.192875 0.221198
2 0.761546 0.767722 0.192875 0.221198
19 0.687641 0.594157 0.089527 0.107315
19 0.685250 0.369462 0.084826 0.069246
17 0.337557 0.372795 0.069458 0.111245
2 0.337557 0.372795 0.069458 0.111245
19 0.397282 0.427458 0.085770 0.059460
19 0.294493 0.476688 0.100170 0.084401
19 0.273960 0.586285 0.158388 0.095419