3 0.514571 0.585052 0.473582 0.131312
0 0.537643 0.365707 0.126287 0.124346
9 0.726470 0.474633 0.222217 0.362094
9 0.204922 0.466178 0.247720 0.329268
17 0.297646 0.220485 0.127648 0.044431
17 0.662278 0.254923 0.131997 0.055346
3 0.509402 0.566752 0.476372 0.124520
9 0.723083 0.483997 0.227349 0.331959
9 0.210498 0.445627 0.271553 0.331097
17 0.348121 0.197409 0.148556 0.033289
17 0.599150 0.240130 0.074277 0.017228
0 0.530401 0.344734 0.119559 0.109661
3 0.515725 0.599544 0.459204 0.095872
19 0.204487 0.325703 0.084604 0.083496
9 0.694851 0.452567 0.315991 0.388290
9 0.212009 0.471316 0.251020 0.302407