1 0.306959 0.193059 0.188193 0.149033
14 0.462951 0.197199 0.066274 0.106452
19 0.279450 0.294780 0.138176 0.034301
18 0.279450 0.294780 0.138176 0.034301
17 0.623635 0.107898 0.077530 0.024839
19 0.615821 0.135102 0.023134 0.054409
0 0.523071 0.268293 0.119428 0.102696
17 0.618594 0.100852 0.099069 0.032881
17 0.333505 0.200145 0.244353 0.153284
19 0.301737 0.261563 0.194075 0.116624
21 0.297505 0.596303 0.295867 0.185154
15 0.393690 0.385607 0.128247 0.221334
21 0.393690 0.385607 0.128247 0.221334
17 0.317192 0.229183 0.272242 0.193669
19 0.321691 0.256318 0.143995 0.079808
5 0.358816 0.195132 0.103498 0.068103