21 0.506411 0.600543 0.224545 0.336734
17 0.721201 0.694075 0.043471 0.049709
9 0.216711 0.581732 0.174397 0.182652
10 0.736633 0.355384 0.235436 0.301471
9 0.736633 0.355384 0.235436 0.301471
9 0.271271 0.316933 0.110280 0.176180
21 0.512824 0.531451 0.233677 0.513479
19 0.738937 0.367687 0.248834 0.289712
19 0.235065 0.527441 0.150030 0.100429
9 0.241074 0.533326 0.246228 0.185026
19 0.727456 0.325419 0.227456 0.358118
9 0.727456 0.325419 0.227456 0.358118
21 0.518218 0.512435 0.268314 0.660526
9 0.254876 0.328900 0.174457 0.182042