16 0.826310 0.714620 0.065551 0.141866
21 0.132938 0.680928 0.147123 0.631305
3 0.630389 0.789989 0.358337 0.250041
21 0.910067 0.674721 0.128185 0.633077
21 0.147350 0.726791 0.158108 0.532251
21 0.906270 0.769472 0.127861 0.453582
21 0.756410 0.407945 0.361585 0.406719
21 0.229841 0.494141 0.378086 0.274490
21 0.297209 0.191196 0.070118 0.107119
3 0.638173 0.769470 0.380833 0.205870
16 0.837526 0.776166 0.086615 0.138918
21 0.619611 0.130941 0.071492 0.066949
0 0.545776 0.449174 0.145874 0.153093
3 0.633804 0.787201 0.378270 0.258424
11 0.673038 0.476729 0.334007 0.482547
17 0.835009 0.718616 0.096581 0.162894
16 0.835009 0.718616 0.096581 0.162894
11 0.328470 0.612675 0.320924 0.710347
21 0.908955 0.746173 0.089539 0.382120
21 0.148080 0.723139 0.126105 0.499828