21 0.247076 0.690461 0.266678 0.102439
21 0.050563 0.805117 0.084861 0.338922
17 0.894629 0.809028 0.042429 0.086037
16 0.894629 0.809028 0.042429 0.086037
21 0.027688 0.729141 0.055215 0.154043
17 0.265014 0.214711 0.107961 0.100412
17 0.714941 0.174876 0.075082 0.044313
17 0.897543 0.817685 0.045014 0.083591
16 0.897543 0.817685 0.045014 0.083591
21 0.209614 0.663395 0.096452 0.061284
8 0.394063 0.477108 0.068596 0.107567
17 0.116569 0.725275 0.029816 0.056995
16 0.116569 0.725275 0.029816 0.056995
21 0.031170 0.736041 0.053374 0.144390