1 0.337463 0.212997 0.160167 0.193238
19 0.689254 0.285579 0.171606 0.174385
3 0.540683 0.742530 0.386454 0.151764
19 0.237814 0.469910 0.088287 0.052905
1 0.366999 0.252908 0.162527 0.263860
19 0.715465 0.316063 0.131763 0.145487
11 0.352938 0.233138 0.207081 0.254132
17 0.352938 0.233138 0.207081 0.254132
19 0.269055 0.441463 0.240280 0.157546
17 0.655166 0.165139 0.213871 0.106928
19 0.694459 0.316643 0.150491 0.155671
19 0.643889 0.661477 0.050947 0.241454
21 0.597135 0.788785 0.092988 0.116211