17 0.855732 0.677783 0.092227 0.111775
16 0.855732 0.677783 0.092227 0.111775
19 0.777173 0.284417 0.208837 0.257927
19 0.321655 0.220844 0.185576 0.148523
17 0.866505 0.651102 0.067981 0.072632
16 0.866505 0.651102 0.067981 0.072632
19 0.350384 0.197094 0.256162 0.139267
19 0.764096 0.279659 0.226693 0.268587
19 0.343200 0.198968 0.163336 0.177752
17 0.045931 0.775803 0.033973 0.058489
16 0.045931 0.775803 0.033973 0.058489
11 0.620214 0.155963 0.087549 0.112386
17 0.620214 0.155963 0.087549 0.112386
1 0.759373 0.271215 0.232588 0.322247
19 0.759373 0.271215 0.232588 0.322247
17 0.865214 0.643922 0.067947 0.118119
16 0.865214 0.643922 0.067947 0.118119