21 0.792211 0.704318 0.199125 0.119358
15 0.246532 0.657876 0.045343 0.033109
15 0.781978 0.644839 0.040942 0.031373
15 0.756016 0.332933 0.056493 0.052028
11 0.756016 0.332933 0.056493 0.052028
11 0.687710 0.263584 0.128247 0.138765
19 0.687710 0.263584 0.128247 0.138765
17 0.714402 0.201709 0.197248 0.059545
17 0.377516 0.178927 0.180976 0.047118
15 0.786851 0.645033 0.040103 0.036954
15 0.664225 0.462320 0.056068 0.060231
15 0.753421 0.333748 0.048060 0.037065
15 0.696628 0.272359 0.126696 0.093822
17 0.729030 0.223710 0.255578 0.104246
17 0.756881 0.261961 0.285928 0.171487
15 0.698537 0.271488 0.135237 0.103261
11 0.698537 0.271488 0.135237 0.103261
16 0.757074 0.778767 0.295586 0.236148
17 0.882879 0.723061 0.026990 0.059861
16 0.882879 0.723061 0.026990 0.059861