10 0.745662 0.492699 0.243581 0.391456
11 0.745662 0.492699 0.243581 0.391456
15 0.288613 0.516866 0.062766 0.046663
10 0.323166 0.438047 0.291004 0.413009
11 0.323166 0.438047 0.291004 0.413009
5 0.708409 0.326881 0.095386 0.110377
5 0.768880 0.401490 0.087726 0.079035
5 0.808155 0.630741 0.151198 0.201865
11 0.808155 0.630741 0.151198 0.201865
15 0.329183 0.436688 0.057059 0.051736
15 0.284803 0.514288 0.072276 0.054778
11 0.342185 0.384228 0.270751 0.332780
11 0.732192 0.329840 0.258672 0.283675
5 0.258308 0.607932 0.127753 0.092663
15 0.258308 0.607932 0.127753 0.092663
10 0.760532 0.470579 0.253069 0.489529
15 0.760532 0.470579 0.253069 0.489529
10 0.314652 0.425589 0.301268 0.423114
11 0.314652 0.425589 0.301268 0.423114
15 0.286253 0.519642 0.062056 0.045326