0 0.570430 0.366369 0.106123 0.073934
15 0.794080 0.632052 0.037690 0.033312
15 0.214870 0.656426 0.039672 0.028436
3 0.552080 0.654392 0.398701 0.121872
10 0.254542 0.643018 0.180507 0.146244
11 0.254542 0.643018 0.180507 0.146244
15 0.791182 0.631296 0.045674 0.032072
15 0.220238 0.653010 0.055463 0.039420
0 0.564844 0.389417 0.134580 0.125613
3 0.553830 0.638132 0.395816 0.124512
9 0.267878 0.537861 0.253743 0.394150
0 0.564275 0.384443 0.143335 0.097851
15 0.791792 0.628604 0.038682 0.032616
15 0.216171 0.653766 0.045504 0.028892