19 0.258531 0.327702 0.244627 0.245347
19 0.669442 0.303374 0.194093 0.224287
20 0.802882 0.458649 0.031085 0.043264
20 0.768602 0.398181 0.037474 0.038153
7 0.729418 0.586634 0.247370 0.361330
19 0.269365 0.372159 0.132145 0.130634
19 0.243880 0.449938 0.211433 0.017368
10 0.253369 0.345637 0.215008 0.152317
19 0.317029 0.209315 0.022144 0.060981
10 0.698359 0.272514 0.136016 0.163575
20 0.767684 0.397771 0.037583 0.047437
20 0.804015 0.455568 0.035078 0.041427
19 0.275747 0.375052 0.151172 0.146326
10 0.252258 0.395023 0.214528 0.259614
10 0.709629 0.289610 0.170968 0.188176
19 0.313240 0.202491 0.029402 0.066210
7 0.713440 0.573179 0.283138 0.354573