17 0.737713 0.651536 0.044002 0.053566
9 0.236586 0.466863 0.375636 0.667365
9 0.756135 0.461008 0.374006 0.645248
9 0.237276 0.437839 0.390162 0.603566
9 0.731984 0.432665 0.357830 0.598392
8 0.337485 0.408870 0.159477 0.115434
8 0.638974 0.432564 0.121506 0.211422
10 0.273876 0.232907 0.272679 0.164938
19 0.273876 0.232907 0.272679 0.164938
10 0.766029 0.233440 0.158290 0.102155
21 0.743014 0.654922 0.041011 0.051031
17 0.051185 0.815917 0.054678 0.074118
16 0.051185 0.815917 0.054678 0.074118
17 0.913123 0.761845 0.044049 0.058323
16 0.913123 0.761845 0.044049 0.058323
9 0.194732 0.578212 0.204842 0.119181