0 0.601935 0.264237 0.125350 0.107062
15 0.700425 0.338269 0.121220 0.129841
11 0.700425 0.338269 0.121220 0.129841
19 0.700425 0.338269 0.121220 0.129841
17 0.875372 0.599658 0.060610 0.053529
16 0.875372 0.599658 0.060610 0.053529
21 0.310781 0.300407 0.031314 0.024529
0 0.607829 0.273311 0.114713 0.117265
17 0.861514 0.597399 0.048405 0.074004
16 0.861514 0.597399 0.048405 0.074004
5 0.696311 0.342211 0.142362 0.150136
15 0.696311 0.342211 0.142362 0.150136
10 0.297342 0.505954 0.246583 0.220495
0 0.603626 0.255374 0.134543 0.090326
17 0.874959 0.601494 0.029988 0.044010
16 0.874959 0.601494 0.029988 0.044010
21 0.314955 0.587549 0.148435 0.033470
10 0.706325 0.336326 0.124122 0.157126
11 0.313054 0.302541 0.039909 0.016499