15 0.364581 0.381364 0.050678 0.037982
15 0.419815 0.389201 0.051039 0.035570
11 0.279815 0.406082 0.048125 0.026527
11 0.251494 0.229240 0.082803 0.102402
15 0.367105 0.380420 0.049369 0.043040
11 0.233749 0.250812 0.049369 0.059146
19 0.286163 0.433685 0.066997 0.081862
17 0.618587 0.133564 0.115646 0.022801
17 0.349492 0.137977 0.103189 0.025007
15 0.278237 0.406772 0.046048 0.021852
15 0.364654 0.381104 0.059652 0.041751
0 0.555441 0.295705 0.103606 0.089025
2 0.581089 0.284367 0.020823 0.025196