0 0.539670 0.301922 0.127728 0.110569
19 0.224756 0.283555 0.099632 0.115114
15 0.174594 0.599500 0.026983 0.034038
15 0.123740 0.636633 0.041513 0.021660
15 0.161794 0.733182 0.095480 0.161534
17 0.099202 0.878499 0.049444 0.053440
3 0.528445 0.714387 0.457546 0.147296
17 0.325454 0.062746 0.101708 0.038371
0 0.544352 0.311932 0.133056 0.138856
15 0.297506 0.246502 0.034118 0.031864
15 0.259124 0.322573 0.033616 0.025133
15 0.236547 0.302826 0.032612 0.025133
15 0.246059 0.427325 0.036941 0.025817
15 0.169867 0.600633 0.029245 0.025472
15 0.126000 0.635572 0.030015 0.027192
15 0.188723 0.668444 0.033863 0.038551
15 0.164095 0.704929 0.050794 0.041308
15 0.368076 0.847894 0.078470 0.079346
15 0.160037 0.793438 0.035121 0.031943
15 0.144985 0.760175 0.039843 0.034584
15 0.281631 0.703917 0.036172 0.029944
15 0.297838 0.606629 0.055005 0.051631
15 0.710338 0.431087 0.023592 0.023213
15 0.816493 0.475249 0.021566 0.021701
15 0.768304 0.569603 0.033700 0.028938
15 0.794250 0.561764 0.024265 0.021100
15 0.844686 0.768128 0.069423 0.062103
17 0.326565 0.066403 0.137025 0.035357
17 0.639877 0.059567 0.121740 0.027342
0 0.535338 0.296880 0.135444 0.113140
3 0.529030 0.707780 0.450844 0.169424
15 0.172616 0.602461 0.030922 0.026430
15 0.187046 0.669149 0.039167 0.034421
15 0.165401 0.706950 0.057721 0.041181
15 0.163162 0.792351 0.031385 0.028900
15 0.139393 0.753956 0.037385 0.023945
15 0.666071 0.355924 0.016246 0.018840
15 0.709400 0.431824 0.024672 0.022073
15 0.819826 0.475425 0.033696 0.023146
15 0.778002 0.564781 0.057168 0.027452
15 0.794670 0.647153 0.024016 0.018079
15 0.844967 0.763763 0.076155 0.053670
15 0.124384 0.635126 0.038132 0.021352
15 0.236716 0.657584 0.013806 0.016467
15 0.248178 0.312228 0.055376 0.043387
15 0.161832 0.503858 0.023716 0.023570