17 0.313264 0.232054 0.108271 0.049228
17 0.614321 0.230808 0.169805 0.070415
19 0.670206 0.369076 0.231558 0.252682
19 0.230229 0.349965 0.219655 0.221022
17 0.227149 0.258446 0.118369 0.089078
17 0.681335 0.252032 0.130039 0.074925
19 0.654622 0.358555 0.181571 0.179723
19 0.239682 0.348745 0.216284 0.178419
11 0.624681 0.248641 0.235647 0.097751
17 0.624681 0.248641 0.235647 0.097751
19 0.669566 0.317466 0.208220 0.131665
17 0.191412 0.333425 0.244377 0.219441
19 0.231934 0.330433 0.203231 0.137649