19 0.266628 0.436353 0.068808 0.021787
3 0.603211 0.577409 0.384176 0.102064
0 0.580275 0.303326 0.083714 0.065367
17 0.388188 0.173739 0.114678 0.017202
3 0.600127 0.557765 0.372272 0.119385
19 0.274711 0.430680 0.068036 0.037227
0 0.581506 0.327995 0.075322 0.109049
17 0.424876 0.165532 0.079544 0.031817
17 0.635306 0.171859 0.140286 0.037241
0 0.581273 0.314032 0.083594 0.079905
19 0.272452 0.436514 0.080919 0.033854
3 0.607207 0.578589 0.385586 0.141299
20 0.707822 0.297060 0.038184 0.048556