0 0.516007 0.368519 0.106380 0.086386
21 0.808453 0.566542 0.142904 0.261035
21 0.645184 0.366792 0.036359 0.045986
17 0.595712 0.210451 0.202708 0.044826
2 0.891248 0.453965 0.038147 0.048021
21 0.891248 0.453965 0.038147 0.048021
2 0.860955 0.559656 0.040391 0.066424
21 0.860955 0.559656 0.040391 0.066424
21 0.763668 0.379679 0.059479 0.043330
21 0.798498 0.506773 0.060720 0.058608
21 0.802556 0.585731 0.063681 0.060892
21 0.815482 0.654854 0.058029 0.077472
21 0.661745 0.443054 0.074306 0.054323
21 0.682884 0.516335 0.034588 0.049198
21 0.760145 0.375540 0.041827 0.053865
20 0.760145 0.375540 0.041827 0.053865
21 0.785649 0.424917 0.043867 0.084063
20 0.785649 0.424917 0.043867 0.084063
21 0.793811 0.506120 0.062231 0.048969
20 0.793811 0.506120 0.062231 0.048969
21 0.819822 0.659556 0.044887 0.065292
20 0.819822 0.659556 0.044887 0.065292
21 0.800441 0.582021 0.055091 0.063660
20 0.800441 0.582021 0.055091 0.063660
2 0.881035 0.501224 0.069371 0.130580
21 0.881035 0.501224 0.069371 0.130580