0 0.524783 0.403248 0.223905 0.229889
17 0.128430 0.769954 0.024051 0.021975
16 0.128430 0.769954 0.024051 0.021975
17 0.135944 0.777119 0.071862 0.053963
16 0.135944 0.777119 0.071862 0.053963
0 0.582710 0.335302 0.103048 0.114671
11 0.298651 0.440978 0.310500 0.501400
11 0.746094 0.476954 0.229143 0.474420
0 0.574595 0.326521 0.121135 0.089440
19 0.359751 0.400901 0.134880 0.034889
17 0.131663 0.767576 0.041466 0.065489
16 0.131663 0.767576 0.041466 0.065489
19 0.177296 0.477358 0.049945 0.023115
19 0.219451 0.411960 0.036227 0.011571