2 0.252206 0.258885 0.170883 0.194969
14 0.462522 0.268974 0.114272 0.240748
5 0.219339 0.497638 0.121795 0.246361
17 0.239090 0.413692 0.254250 0.558405
17 0.265613 0.255484 0.295685 0.251296
17 0.128066 0.703428 0.093361 0.086482
19 0.206947 0.484164 0.164755 0.327649
14 0.454569 0.268085 0.111703 0.258570
11 0.212812 0.486808 0.127398 0.315137
17 0.155987 0.688268 0.105401 0.086340
16 0.155987 0.688268 0.105401 0.086340
2 0.247218 0.264303 0.137818 0.130684
17 0.236984 0.386954 0.237428 0.483104