3 0.576730 0.588028 0.495559 0.131286
20 0.186845 0.424439 0.056857 0.037788
20 0.119609 0.582999 0.052345 0.059151
20 0.185040 0.260538 0.046027 0.046829
20 0.212566 0.327905 0.043320 0.040255
20 0.797221 0.358124 0.053001 0.069833
20 0.816284 0.449331 0.037193 0.058406
3 0.567688 0.559691 0.493558 0.164314
0 0.579673 0.281130 0.117044 0.125802
20 0.193382 0.267154 0.055159 0.043320
20 0.213931 0.331150 0.048669 0.035444
20 0.182026 0.421236 0.051914 0.042337
20 0.154953 0.549227 0.067974 0.056808
20 0.102858 0.580673 0.055159 0.057817
20 0.806095 0.354851 0.056624 0.062546
20 0.826133 0.448963 0.050897 0.057335
3 0.569606 0.598629 0.500243 0.147666
0 0.580595 0.268048 0.111981 0.107652
20 0.177156 0.424764 0.062792 0.055256
20 0.188668 0.273288 0.052327 0.045729
20 0.219184 0.333324 0.039364 0.042873
11 0.117822 0.580117 0.037577 0.050058
20 0.165723 0.552448 0.035411 0.043841