2 0.793593 0.738326 0.073978 0.033325
21 0.859395 0.504670 0.051397 0.131748
21 0.785027 0.498083 0.052177 0.127869
21 0.283132 0.341926 0.141731 0.190644
17 0.167489 0.718177 0.056848 0.072073
16 0.167489 0.718177 0.056848 0.072073
15 0.259911 0.528349 0.118887 0.054316
15 0.244789 0.615872 0.020510 0.019720
15 0.311359 0.568825 0.014600 0.019028
19 0.266168 0.557061 0.077172 0.032173
19 0.240097 0.508803 0.047972 0.049817
15 0.715889 0.386199 0.236022 0.236684
17 0.799169 0.739921 0.093887 0.043550
17 0.188099 0.613627 0.103436 0.251799
17 0.272440 0.344802 0.151175 0.174992
17 0.797579 0.455658 0.195734 0.249424
17 0.624405 0.119881 0.088111 0.048486
19 0.253430 0.554355 0.145125 0.154741
11 0.830173 0.275654 0.031096 0.048486
17 0.830173 0.275654 0.031096 0.048486
11 0.802704 0.470628 0.175188 0.217670
17 0.802704 0.470628 0.175188 0.217670
11 0.285951 0.345287 0.147198 0.200131
19 0.285951 0.345287 0.147198 0.200131
17 0.285951 0.345287 0.147198 0.200131
0 0.574088 0.325020 0.109922 0.126020
17 0.151351 0.729458 0.031922 0.060776
16 0.151351 0.729458 0.031922 0.060776
21 0.238790 0.673519 0.087439 0.042816
17 0.792568 0.740509 0.084664 0.035912
2 0.792568 0.740509 0.084664 0.035912