17 0.242607 0.114160 0.104731 0.105616
19 0.315255 0.152512 0.151196 0.142198
14 0.485627 0.134811 0.101046 0.171700
0 0.615803 0.182309 0.103255 0.112106
17 0.164717 0.572007 0.050153 0.054285
10 0.926183 0.554342 0.051541 0.087045
10 0.203732 0.498762 0.074815 0.070510
19 0.313552 0.502288 0.054236 0.080486
17 0.694156 0.030898 0.132174 0.026798
14 0.470599 0.216866 0.154636 0.317983
0 0.594742 0.192473 0.150282 0.143745
17 0.275429 0.098955 0.154513 0.118265
19 0.726860 0.124011 0.056793 0.074835
19 0.297562 0.139379 0.153678 0.122942
17 0.925098 0.481847 0.061610 0.269779
19 0.258871 0.490186 0.163701 0.073497
17 0.167416 0.502880 0.060970 0.187087
9 0.281590 0.317221 0.207995 0.259613
0 0.592164 0.180158 0.162088 0.108723
19 0.312876 0.112331 0.194504 0.140641
17 0.271731 0.098367 0.124682 0.094758
21 0.278811 0.489698 0.247722 0.108201
19 0.904523 0.533547 0.049826 0.059226
17 0.925165 0.558033 0.051250 0.074031