10 0.718822 0.772048 0.184518 0.166146
19 0.718822 0.772048 0.184518 0.166146
10 0.360731 0.663143 0.113518 0.181462
10 0.338598 0.379058 0.112498 0.086943
19 0.338598 0.379058 0.112498 0.086943
10 0.717340 0.505654 0.102428 0.298249
19 0.279823 0.774832 0.030341 0.043532
11 0.713540 0.750734 0.201618 0.175186
11 0.367577 0.656615 0.148667 0.209707
19 0.338362 0.381364 0.117163 0.129337
19 0.732225 0.771789 0.135322 0.121559
21 0.732225 0.771789 0.135322 0.121559
17 0.791857 0.859518 0.034404 0.033255
16 0.791857 0.859518 0.034404 0.033255