0 0.541327 0.276765 0.119843 0.100227
3 0.577829 0.617313 0.443556 0.148063
17 0.844376 0.746014 0.045461 0.038727
16 0.844376 0.746014 0.045461 0.038727
21 0.245850 0.641798 0.071630 0.048975
1 0.264447 0.414008 0.224533 0.383826
19 0.264447 0.414008 0.224533 0.383826
19 0.761726 0.361047 0.092295 0.088837
3 0.577649 0.605708 0.440797 0.184176
19 0.286730 0.398360 0.211310 0.486763
19 0.752939 0.357581 0.104311 0.111510
0 0.548974 0.290478 0.131768 0.130998
5 0.344070 0.219580 0.147206 0.191346
11 0.344070 0.219580 0.147206 0.191346
0 0.541148 0.280073 0.119035 0.108142
3 0.577151 0.633050 0.446745 0.153099
19 0.270014 0.557109 0.108748 0.176185
19 0.299405 0.265492 0.114626 0.137303
19 0.748356 0.368773 0.072012 0.100852
17 0.843144 0.748481 0.026453 0.048604
16 0.843144 0.748481 0.026453 0.048604