0 0.578519 0.360725 0.102201 0.096116
19 0.671585 0.237306 0.125824 0.087970
17 0.376345 0.163757 0.113531 0.031246
19 0.332162 0.294511 0.212433 0.190844
19 0.672801 0.264905 0.130403 0.129613
19 0.317449 0.263299 0.228208 0.164962
15 0.279910 0.322922 0.032028 0.024960
21 0.279910 0.322922 0.032028 0.024960
15 0.243366 0.316851 0.032849 0.024959
21 0.243366 0.316851 0.032849 0.024959
10 0.307332 0.275893 0.186311 0.120498
19 0.307332 0.275893 0.186311 0.120498
19 0.673530 0.238952 0.139198 0.088834