0 0.579915 0.377189 0.127581 0.106185
4 0.579915 0.377189 0.127581 0.106185
21 0.085747 0.681815 0.013942 0.010725
0 0.579266 0.400685 0.154217 0.169880
17 0.071225 0.774731 0.040565 0.071388
16 0.071225 0.774731 0.040565 0.071388
11 0.277719 0.614551 0.184453 0.146995
17 0.932450 0.816605 0.056836 0.072570
16 0.932450 0.816605 0.056836 0.072570
17 0.246605 0.226585 0.075002 0.048918
17 0.927683 0.814909 0.051907 0.046297
16 0.927683 0.814909 0.051907 0.046297
0 0.512436 0.388624 0.270341 0.149372
19 0.281875 0.335186 0.090402 0.052256
21 0.281875 0.335186 0.090402 0.052256