15 0.678390 0.390387 0.224019 0.305524
16 0.763229 0.601847 0.091615 0.106056
3 0.502402 0.605295 0.449441 0.149167
15 0.196308 0.402671 0.240348 0.447499
15 0.746749 0.469580 0.052075 0.045632
15 0.726910 0.391547 0.032240 0.031080
15 0.690951 0.405434 0.029757 0.029757
15 0.682272 0.476524 0.035543 0.026451
16 0.771135 0.578365 0.081011 0.066132
15 0.290036 0.427918 0.044638 0.036372
15 0.143722 0.502976 0.046291 0.037035
15 0.147029 0.412377 0.029759 0.027774
15 0.180507 0.589276 0.040505 0.032406
15 0.099018 0.550566 0.037418 0.025889
15 0.204563 0.276569 0.037079 0.027271
15 0.224897 0.331111 0.022726 0.017702
15 0.149543 0.327044 0.028706 0.025836
15 0.303497 0.183882 0.028072 0.024952
0 0.491562 0.304542 0.121954 0.101804
3 0.524428 0.582915 0.476040 0.170858
17 0.778813 0.600344 0.071671 0.111236
16 0.778813 0.600344 0.071671 0.111236
3 0.527237 0.583142 0.483086 0.127292
15 0.720755 0.392201 0.093177 0.293577
15 0.194668 0.384174 0.239392 0.433485
11 0.194668 0.384174 0.239392 0.433485