19 0.176339 0.556337 0.113208 0.036329
0 0.534334 0.328231 0.110967 0.091290
17 0.105987 0.712065 0.079933 0.098760
16 0.105987 0.712065 0.079933 0.098760
19 0.194037 0.554600 0.173041 0.034979
0 0.545435 0.337479 0.108270 0.100671
3 0.530451 0.607922 0.443719 0.097258
11 0.264052 0.647077 0.228098 0.123183
11 0.760074 0.375251 0.133406 0.189396
15 0.588806 0.442891 0.093626 0.078979
19 0.201229 0.551639 0.191379 0.041312
17 0.131700 0.660388 0.121161 0.132442
16 0.131700 0.660388 0.121161 0.132442