0 0.612811 0.408231 0.149085 0.129501
16 0.783867 0.736163 0.279748 0.241211
19 0.803407 0.600251 0.191295 0.115966
17 0.727356 0.328364 0.287127 0.220580
17 0.717734 0.305568 0.252809 0.147076
19 0.850945 0.562372 0.096520 0.028723
16 0.790220 0.762108 0.279962 0.196842
11 0.754252 0.622281 0.157636 0.154481
5 0.783591 0.609346 0.083087 0.102773
11 0.783591 0.609346 0.083087 0.102773
16 0.823044 0.715104 0.199607 0.210571
19 0.860628 0.563606 0.086926 0.022237
0 0.624282 0.423658 0.118414 0.143437