21 0.283047 0.410453 0.126467 0.151295
17 0.127735 0.507448 0.072866 0.076312
16 0.127735 0.507448 0.072866 0.076312
0 0.560406 0.278067 0.101315 0.091024
17 0.676248 0.113731 0.186324 0.084630
3 0.534669 0.523514 0.480341 0.142944
17 0.713069 0.120422 0.090278 0.057574
3 0.537271 0.495102 0.442975 0.151753
19 0.283217 0.393655 0.144787 0.166794
10 0.239926 0.449521 0.204147 0.083688
1 0.274226 0.397935 0.151949 0.190366
19 0.274226 0.397935 0.151949 0.190366
17 0.181049 0.510894 0.163417 0.189219
16 0.181049 0.510894 0.163417 0.189219
17 0.703375 0.115352 0.107747 0.065086
17 0.300432 0.115351 0.097849 0.038700
0 0.557148 0.273230 0.107743 0.076521