3 0.624844 0.494032 0.301413 0.132301
0 0.590042 0.242098 0.111719 0.092243
10 0.750970 0.368173 0.114258 0.093544
11 0.750970 0.368173 0.114258 0.093544
9 0.355034 0.377120 0.164035 0.422674
11 0.840918 0.499398 0.104544 0.174238
10 0.783302 0.440978 0.211351 0.278805
19 0.783302 0.440978 0.211351 0.278805
10 0.384486 0.496911 0.212187 0.213698
19 0.747244 0.366134 0.136156 0.048128
17 0.808989 0.321171 0.064593 0.112724
0 0.562217 0.285453 0.160280 0.158678
10 0.380312 0.532863 0.250736 0.215049
10 0.786616 0.479788 0.250739 0.224199
15 0.393481 0.338485 0.019964 0.017191
15 0.323747 0.405194 0.026471 0.016514
17 0.659307 0.115147 0.121452 0.027020