0 0.585179 0.334682 0.119828 0.109685
19 0.804791 0.290050 0.071985 0.054788
11 0.645964 0.212757 0.021813 0.015956
20 0.839809 0.394663 0.042572 0.027835
20 0.789587 0.434773 0.031262 0.029469
0 0.582927 0.352375 0.125175 0.150192
19 0.809036 0.299805 0.075798 0.038200
0 0.580444 0.342259 0.128577 0.130424
2 0.631876 0.345136 0.007014 0.022057
19 0.779560 0.327659 0.144464 0.076654
20 0.835998 0.392293 0.029835 0.026089
20 0.790458 0.431102 0.026695 0.026411
11 0.739825 0.252327 0.197060 0.089866