17 0.892236 0.862854 0.035647 0.029021
17 0.118419 0.793839 0.027452 0.032399
15 0.472318 0.146312 0.018973 0.020563
21 0.472318 0.146312 0.018973 0.020563
17 0.123481 0.800544 0.074751 0.069903
16 0.123481 0.800544 0.074751 0.069903
17 0.877328 0.858630 0.089955 0.067933
16 0.877328 0.858630 0.089955 0.067933
3 0.607089 0.293118 0.130961 0.101066
17 0.110893 0.790940 0.077514 0.110023
16 0.110893 0.790940 0.077514 0.110023
17 0.897908 0.876991 0.071185 0.076831
16 0.897908 0.876991 0.071185 0.076831
7 0.227388 0.627481 0.291725 0.310217
8 0.376017 0.447757 0.060664 0.058456