15 0.852506 0.315174 0.090171 0.095056
11 0.852506 0.315174 0.090171 0.095056
15 0.729468 0.302293 0.035979 0.025763
15 0.697107 0.376588 0.034489 0.030832
15 0.691229 0.426756 0.029526 0.028739
15 0.824483 0.387564 0.042589 0.035012
15 0.837731 0.502889 0.036454 0.025551
15 0.811278 0.585858 0.049226 0.040542
15 0.874763 0.668490 0.026912 0.028277
15 0.870505 0.728788 0.024529 0.022142
15 0.881406 0.635444 0.016349 0.017375
11 0.400494 0.571961 0.135921 0.120820
15 0.396343 0.603299 0.248434 0.360190
11 0.275147 0.506645 0.074002 0.080799
15 0.348661 0.291198 0.043430 0.044098
15 0.392425 0.441870 0.045438 0.046102
15 0.371267 0.492101 0.030428 0.025750
15 0.325604 0.568407 0.043302 0.043302
15 0.348306 0.451530 0.025132 0.027375
5 0.350103 0.545327 0.240554 0.164706
11 0.350103 0.545327 0.240554 0.164706
15 0.331254 0.631496 0.053857 0.039045
15 0.314647 0.693655 0.042186 0.042188
15 0.497157 0.678329 0.047124 0.061487
15 0.323474 0.722310 0.056100 0.055202
15 0.324371 0.752604 0.035456 0.040392
15 0.676782 0.749169 0.037341 0.037733
15 0.868586 0.728926 0.024761 0.024761
15 0.875659 0.666434 0.027121 0.024758
15 0.881085 0.636951 0.021912 0.019801
15 0.765718 0.650942 0.024024 0.024553
15 0.811784 0.583755 0.044351 0.045936
15 0.823400 0.606854 0.042240 0.036169
15 0.835006 0.500069 0.033800 0.028693
15 0.868808 0.448580 0.050309 0.045985
15 0.690679 0.424995 0.036787 0.034042
15 0.823828 0.383268 0.035141 0.036236
15 0.698332 0.375055 0.035355 0.034792
15 0.764803 0.395845 0.040450 0.040165
15 0.788944 0.414050 0.024731 0.024513
15 0.849058 0.316666 0.083348 0.099943
15 0.730802 0.300426 0.029712 0.030359
0 0.624813 0.339890 0.102050 0.111873
15 0.847209 0.314914 0.077558 0.099616
15 0.820526 0.387134 0.042693 0.033442
15 0.732651 0.299616 0.033442 0.030597
15 0.731229 0.410260 0.103173 0.105306
15 0.869596 0.450211 0.050208 0.042564
15 0.814717 0.584461 0.047359 0.045490
15 0.832165 0.502518 0.044868 0.033647
15 0.318872 0.726665 0.060585 0.102809
15 0.364516 0.533631 0.246800 0.243583