17 0.106269 0.854524 0.033019 0.024100
1 0.296709 0.227307 0.180365 0.119539
17 0.670641 0.169231 0.162836 0.065790
10 0.316468 0.331498 0.201170 0.147809
19 0.316468 0.331498 0.201170 0.147809
10 0.734862 0.288165 0.222210 0.193561
19 0.734862 0.288165 0.222210 0.193561
17 0.330000 0.227403 0.225473 0.130635
19 0.314404 0.318220 0.208614 0.224710
17 0.678794 0.177197 0.164696 0.077027
19 0.720773 0.314271 0.267676 0.279366
17 0.111931 0.872434 0.080495 0.078763
16 0.111931 0.872434 0.080495 0.078763
19 0.735308 0.299425 0.243344 0.235293
17 0.682932 0.167498 0.215948 0.112887
19 0.309856 0.240941 0.195000 0.150968
19 0.309855 0.361309 0.227229 0.220334