0 0.603288 0.409106 0.145687 0.161425
3 0.585435 0.642007 0.494387 0.159671
8 0.370767 0.488385 0.093673 0.079835
21 0.354504 0.322668 0.256300 0.239505
11 0.352794 0.380086 0.213226 0.112124
21 0.704526 0.095311 0.091757 0.134059
21 0.316092 0.102624 0.110109 0.117810
21 0.072700 0.651587 0.137908 0.370145
21 0.700184 0.105707 0.082307 0.133593
21 0.311671 0.127108 0.122760 0.166018
21 0.044526 0.640077 0.079516 0.268484
3 0.576356 0.638578 0.458140 0.157889
5 0.328962 0.432415 0.227240 0.227176
21 0.049196 0.716400 0.089426 0.480639
21 0.506125 0.126993 0.505929 0.153759
11 0.329723 0.435649 0.236426 0.253986
0 0.604064 0.382799 0.129812 0.104734
21 0.171716 0.307491 0.076171 0.057852