17 0.867084 0.849753 0.086561 0.095318
16 0.867084 0.849753 0.086561 0.095318
15 0.827218 0.536871 0.028638 0.030518
14 0.440599 0.210708 0.118370 0.212862
15 0.166932 0.580925 0.042319 0.021011
19 0.701061 0.227709 0.141064 0.071232
1 0.318678 0.176004 0.255067 0.117610
16 0.163931 0.685198 0.188249 0.225678
5 0.328649 0.457571 0.241802 0.429313
1 0.777352 0.217237 0.093714 0.086603
14 0.428878 0.293300 0.093394 0.210146
19 0.715988 0.263083 0.229215 0.182311
2 0.715988 0.263083 0.229215 0.182311
2 0.827185 0.537345 0.031608 0.035601
1 0.312671 0.279568 0.175796 0.250608
19 0.187350 0.482319 0.085565 0.264221
2 0.187350 0.482319 0.085565 0.264221
17 0.194475 0.664706 0.218204 0.121945
15 0.702317 0.323968 0.076051 0.111238
15 0.829304 0.535550 0.031567 0.029816
2 0.829304 0.535550 0.031567 0.029816
17 0.871632 0.859518 0.067440 0.081422
16 0.871632 0.859518 0.067440 0.081422
17 0.734602 0.163417 0.198016 0.115826
19 0.682948 0.288418 0.223841 0.251148
2 0.727428 0.226491 0.077484 0.072248
17 0.163522 0.429473 0.117659 0.402524
2 0.163522 0.429473 0.117659 0.402524
17 0.127650 0.653670 0.126269 0.183486
16 0.127650 0.653670 0.126269 0.183486
17 0.290508 0.163417 0.213796 0.081422
11 0.252484 0.355504 0.264016 0.419724
19 0.252484 0.355504 0.264016 0.419724
14 0.387362 0.233945 0.126267 0.298166