17 0.387676 0.183976 0.163398 0.035260
10 0.330094 0.562366 0.165694 0.108455
15 0.319549 0.332585 0.065901 0.040670
10 0.345910 0.341246 0.167576 0.180002
0 0.652756 0.354489 0.098116 0.098675
5 0.321852 0.328301 0.079475 0.052711
15 0.321852 0.328301 0.079475 0.052711
11 0.325305 0.553729 0.258088 0.127194
17 0.382634 0.184910 0.158690 0.050781
0 0.636287 0.377375 0.119267 0.120402
17 0.879707 0.694411 0.074423 0.071691
16 0.879707 0.694411 0.074423 0.071691
17 0.133202 0.628189 0.072904 0.104497
16 0.133202 0.628189 0.072904 0.104497
19 0.344319 0.281895 0.176185 0.155528
15 0.316221 0.334143 0.056197 0.043742
11 0.316221 0.334143 0.056197 0.043742
17 0.376216 0.187120 0.164036 0.055893
10 0.332169 0.555892 0.145808 0.108139
11 0.332169 0.555892 0.145808 0.108139