3 0.610134 0.651660 0.452336 0.146503
19 0.302979 0.441239 0.084937 0.069052
19 0.301497 0.599871 0.076048 0.246351
19 0.231099 0.585597 0.050796 0.036205
20 0.746834 0.238184 0.045450 0.050814
20 0.757060 0.309752 0.050752 0.049382
20 0.732997 0.372927 0.013769 0.053443
3 0.608013 0.635428 0.452436 0.182285
20 0.749181 0.234194 0.045493 0.039678
20 0.759681 0.304623 0.042694 0.036372
19 0.222502 0.581610 0.098775 0.051229
19 0.303629 0.436313 0.084717 0.083819
0 0.556186 0.306482 0.130752 0.114388
3 0.607986 0.654545 0.452089 0.149144
20 0.759199 0.308247 0.046718 0.044140
20 0.749799 0.231810 0.042730 0.045216
19 0.296276 0.429895 0.076838 0.070244
19 0.327134 0.577277 0.033178 0.143213
19 0.194408 0.456154 0.081128 0.024949
11 0.203357 0.605427 0.056382 0.037251
11 0.272587 0.599887 0.063525 0.051703
17 0.130803 0.658516 0.071250 0.120213