19 0.338547 0.243921 0.120406 0.162614
2 0.338547 0.243921 0.120406 0.162614
17 0.270818 0.196049 0.121774 0.161094
14 0.505417 0.262949 0.138669 0.194936
0 0.553084 0.337553 0.290336 0.279167
17 0.875004 0.819539 0.127260 0.133829
1 0.324747 0.211849 0.319097 0.262336
19 0.324747 0.211849 0.319097 0.262336
17 0.324747 0.211849 0.319097 0.262336
0 0.562255 0.306811 0.291327 0.206628
2 0.779873 0.763927 0.087747 0.060429
19 0.320078 0.199067 0.305236 0.195956
9 0.320078 0.199067 0.305236 0.195956
3 0.608513 0.680405 0.562868 0.275268