3 0.594444 0.612260 0.533325 0.231674
19 0.231100 0.361518 0.072849 0.033818
11 0.296754 0.466205 0.175376 0.135264
16 0.186132 0.505774 0.089037 0.175556
11 0.362102 0.204384 0.218253 0.087837
16 0.362102 0.204384 0.218253 0.087837
3 0.625650 0.612191 0.465307 0.197146
19 0.243935 0.359616 0.094415 0.029753
17 0.357900 0.221904 0.274661 0.120546
11 0.297062 0.402876 0.316544 0.320721
5 0.310426 0.443634 0.144491 0.094878
3 0.611752 0.596406 0.511522 0.237431
19 0.236546 0.360448 0.070887 0.028354
11 0.301629 0.392224 0.185275 0.298317
16 0.298112 0.441474 0.363516 0.546914