15 0.224746 0.461866 0.074362 0.064940
10 0.746583 0.327999 0.225696 0.236972
19 0.746583 0.327999 0.225696 0.236972
17 0.092329 0.783714 0.036528 0.036460
10 0.257952 0.408171 0.295913 0.389120
9 0.257952 0.408171 0.295913 0.389120
17 0.896939 0.790957 0.032613 0.030441
15 0.225492 0.463487 0.070609 0.049054
15 0.299090 0.283742 0.085267 0.057114
15 0.720194 0.269691 0.109573 0.069484
10 0.230149 0.522237 0.214738 0.192854
9 0.230149 0.522237 0.214738 0.192854
10 0.739365 0.335555 0.220289 0.215970
19 0.739365 0.335555 0.220289 0.215970
9 0.739365 0.335555 0.220289 0.215970
19 0.231987 0.310590 0.149937 0.197730
17 0.735120 0.666571 0.032613 0.027688
10 0.751429 0.328725 0.244623 0.250812
11 0.751429 0.328725 0.244623 0.250812
10 0.325249 0.318771 0.189447 0.147955
11 0.325249 0.318771 0.189447 0.147955
10 0.262100 0.561553 0.312664 0.267665
11 0.262100 0.561553 0.312664 0.267665
5 0.223595 0.462693 0.093953 0.051113