21 0.251646 0.584566 0.116667 0.118333
3 0.484554 0.626196 0.482551 0.152115
0 0.534132 0.409624 0.152248 0.135120
19 0.143301 0.484889 0.058496 0.057326
10 0.637730 0.353695 0.100035 0.123485
19 0.249349 0.576788 0.124238 0.129458
0 0.552986 0.400912 0.108898 0.119787
21 0.918726 0.649439 0.114839 0.343274
1 0.248633 0.581410 0.124545 0.137306
19 0.248633 0.581410 0.124545 0.137306
21 0.929531 0.696516 0.108247 0.354170
5 0.640866 0.342343 0.108251 0.107695
11 0.640866 0.342343 0.108251 0.107695
0 0.531921 0.403962 0.140169 0.117686