21 0.523765 0.115961 0.818922 0.176545
3 0.579730 0.602772 0.379833 0.133852
11 0.408101 0.374185 0.075968 0.236597
21 0.093197 0.327959 0.166608 0.145276
21 0.882652 0.331008 0.210739 0.123649
21 0.691580 0.107189 0.227343 0.201541
21 0.326300 0.096277 0.217125 0.187420
0 0.569021 0.394258 0.111855 0.160764
21 0.795787 0.356564 0.364401 0.160483
21 0.207553 0.343272 0.381053 0.202818
3 0.569900 0.610027 0.385703 0.140225
21 0.551587 0.093376 0.875865 0.178615
21 0.468307 0.356634 0.928188 0.196691