15 0.111321 0.491042 0.025663 0.019674
2 0.111321 0.491042 0.025663 0.019674
0 0.520929 0.256882 0.115720 0.100382
19 0.608388 0.174117 0.036480 0.173604
19 0.676137 0.188246 0.029575 0.058134
17 0.307357 0.093345 0.099530 0.016576
3 0.506295 0.598377 0.474294 0.167531
0 0.539453 0.272372 0.131432 0.136890
19 0.672370 0.200095 0.037439 0.092583
19 0.606484 0.148941 0.030148 0.096084
21 0.113501 0.492106 0.033066 0.017115
15 0.109552 0.490769 0.036467 0.015656
19 0.620870 0.163367 0.119579 0.090206
0 0.520399 0.285877 0.170859 0.171766