17 0.049100 0.727636 0.065685 0.053900
16 0.049100 0.727636 0.065685 0.053900
17 0.963217 0.901950 0.052001 0.063072
16 0.963217 0.901950 0.052001 0.063072
1 0.241365 0.420298 0.313372 0.556191
19 0.241365 0.420298 0.313372 0.556191
21 0.241365 0.420298 0.313372 0.556191
14 0.415157 0.210436 0.149160 0.262614
14 0.382817 0.351732 0.274193 0.472399
19 0.215174 0.420977 0.349252 0.590501
9 0.215174 0.420977 0.349252 0.590501
17 0.056626 0.730506 0.083474 0.091743
16 0.056626 0.730506 0.083474 0.091743
14 0.406262 0.198395 0.164212 0.284404
5 0.303629 0.491973 0.153265 0.353211
1 0.254366 0.421444 0.383163 0.613530
19 0.254366 0.421444 0.383163 0.613530
21 0.254366 0.421444 0.383163 0.613530