17 0.191663 0.836849 0.147346 0.122314
16 0.191663 0.836849 0.147346 0.122314
17 0.892926 0.877833 0.087319 0.086455
16 0.892926 0.877833 0.087319 0.086455
19 0.772317 0.260044 0.208936 0.106946
19 0.200223 0.431137 0.119946 0.156975
1 0.329317 0.226150 0.195166 0.112721
17 0.887108 0.870688 0.089090 0.074918
16 0.887108 0.870688 0.089090 0.074918
17 0.169102 0.839325 0.118784 0.094089
16 0.169102 0.839325 0.118784 0.094089
19 0.790596 0.317487 0.226961 0.235219
19 0.323415 0.350157 0.329836 0.370252
5 0.327135 0.226976 0.210187 0.097686
11 0.327135 0.226976 0.210187 0.097686
17 0.146430 0.830865 0.059622 0.053531
16 0.146430 0.830865 0.059622 0.053531
17 0.900020 0.868452 0.063782 0.074033
16 0.900020 0.868452 0.063782 0.074033
19 0.789096 0.260820 0.160838 0.086560
1 0.305190 0.384396 0.310589 0.399772
5 0.305190 0.384396 0.310589 0.399772
19 0.305190 0.384396 0.310589 0.399772